object={
	name="baobab_generator_1_0"
	clamp_to_water_level=no
	render_under_water=no
	generated_content=yes
	layer="semidynamic"
	pdxmesh="tree_baobab_01_mesh"
	count=20
	transform="5269.175293 0.000000 91.702423 0.000000 0.123667 0.000000 0.992324 0.287385 0.287385 0.287385
5372.718750 0.000000 380.137695 0.000000 0.326260 0.000000 0.945280 0.299432 0.299432 0.299432
5371.743652 0.000000 389.633759 0.000000 0.486767 0.000000 0.873532 0.315959 0.315959 0.315959
5368.393555 0.000000 384.032928 0.000000 0.560653 0.000000 0.828051 0.326469 0.326469 0.326469
5408.929688 0.000000 451.868134 0.000000 0.409038 0.000000 0.912517 0.313935 0.313935 0.313935
5589.228027 0.000000 376.811401 0.000000 0.185577 0.000000 0.982630 0.284926 0.284926 0.284926
5430.469238 0.000000 462.029083 0.000000 0.402467 0.000000 0.915434 0.304169 0.304169 0.304169
5412.294922 0.000000 455.531769 0.000000 0.297890 0.000000 0.954600 0.287490 0.287490 0.287490
5432.357422 0.000000 460.221924 0.000000 0.305068 0.000000 0.952331 0.308381 0.308381 0.308381
5404.442383 0.000000 451.892395 0.000000 0.592920 0.000000 0.805262 0.327236 0.327236 0.327236
5435.459473 0.000000 461.235168 0.000000 0.210298 0.000000 0.977637 0.306323 0.306323 0.306323
5442.759766 0.000000 460.989594 0.000000 0.660365 0.000000 0.750945 0.314694 0.314694 0.314694
5575.650879 0.000000 469.362396 0.000000 0.503783 0.000000 0.863831 0.283624 0.283624 0.283624
5564.880859 0.000000 531.589050 0.000000 0.028212 0.000000 0.999602 0.277781 0.277781 0.277781
6649.915527 0.000000 123.683517 0.000000 0.117709 0.000000 0.993048 0.268265 0.268265 0.268265
6558.662598 0.000000 215.643555 0.000000 0.427798 0.000000 0.903874 0.292865 0.292865 0.292865
6408.260254 0.000000 291.427551 0.000000 0.424185 0.000000 0.905575 0.292692 0.292692 0.292692
6422.909180 0.000000 293.421722 0.000000 0.402136 0.000000 0.915580 0.304830 0.304830 0.304830
6411.600586 0.000000 288.143677 0.000000 0.377688 0.000000 0.925933 0.307477 0.307477 0.307477
6646.469238 0.000000 349.060333 0.000000 0.670897 0.000000 0.741551 0.312932 0.312932 0.312932
"}
object={
	name="baobab_generator_1_1"
	clamp_to_water_level=no
	render_under_water=no
	generated_content=yes
	layer="semidynamic"
	pdxmesh="tree_baobab_02_mesh"
	count=25
	transform="5268.724609 0.000000 86.184776 0.000000 0.964139 0.000000 0.265399 0.351549 0.351549 0.351549
5264.434082 0.000000 86.545540 0.000000 0.939555 0.000000 0.342397 0.359217 0.359217 0.359217
5257.640137 0.000000 89.711441 0.000000 0.759968 0.000000 0.649960 0.337568 0.337568 0.337568
5260.076660 0.000000 91.794853 0.000000 0.814271 0.000000 0.580485 0.340670 0.340670 0.340670
5364.392090 0.000000 387.292969 0.000000 0.886404 0.000000 0.462912 0.333185 0.333185 0.333185
5370.988770 0.000000 372.540314 0.000000 0.804803 0.000000 0.593542 0.315117 0.315117 0.315117
5366.447266 0.000000 388.115723 0.000000 0.742095 0.000000 0.670295 0.331929 0.331929 0.331929
5397.436035 0.000000 446.688568 0.000000 0.999828 0.000000 0.018552 0.342047 0.342047 0.342047
5589.175293 0.000000 374.124298 0.000000 0.904190 0.000000 0.427131 0.334148 0.334148 0.334148
5591.654785 0.000000 372.561707 0.000000 0.782735 0.000000 0.622355 0.324036 0.324036 0.324036
5620.885254 0.000000 447.141724 0.000000 0.715780 0.000000 0.698326 0.291132 0.291132 0.291132
5609.927734 0.000000 440.123901 0.000000 0.827191 0.000000 0.561922 0.308606 0.308606 0.308606
5609.246582 0.000000 443.702393 0.000000 0.762179 0.000000 0.647366 0.315589 0.315589 0.315589
5614.583984 0.000000 444.171204 0.000000 0.844170 0.000000 0.536076 0.330034 0.330034 0.330034
5439.450684 0.000000 459.804291 0.000000 0.924560 0.000000 0.381037 0.364596 0.364596 0.364596
5433.029297 0.000000 458.311798 0.000000 0.937243 0.000000 0.348676 0.354930 0.354930 0.354930
5436.870605 0.000000 459.267487 0.000000 0.897957 0.000000 0.440084 0.362635 0.362635 0.362635
5560.270996 0.000000 528.869080 0.000000 0.994240 0.000000 0.107181 0.339251 0.339251 0.339251
5560.357422 0.000000 516.706299 0.000000 0.948931 0.000000 0.315483 0.348875 0.348875 0.348875
5567.940430 0.000000 527.808838 0.000000 0.939785 0.000000 0.341765 0.337567 0.337567 0.337567
6524.880859 0.000000 305.651581 0.000000 0.987343 0.000000 0.158598 0.344406 0.344406 0.344406
6605.646484 0.000000 266.683746 0.000000 0.986367 0.000000 0.164563 0.323950 0.323950 0.323950
6655.683594 0.000000 351.946686 0.000000 0.762577 0.000000 0.646897 0.290994 0.290994 0.290994
6908.718750 0.000000 41.231453 0.000000 0.727384 0.000000 0.686231 0.311541 0.311541 0.311541
6910.888184 0.000000 36.625031 0.000000 0.844947 0.000000 0.534850 0.327374 0.327374 0.327374
"}
object={
	name="baobab_generator_1_2"
	clamp_to_water_level=no
	render_under_water=no
	generated_content=yes
	layer="semidynamic"
	pdxmesh="tree_baobab_03_mesh"
	count=16
	transform="5262.569336 0.000000 90.253128 0.000000 0.756162 0.000000 -0.654384 0.411484 0.411484 0.411484
5267.150879 0.000000 90.245918 0.000000 0.999963 0.000000 -0.008549 0.363455 0.363455 0.363455
5261.917480 0.000000 87.930588 0.000000 0.988221 0.000000 -0.153032 0.390829 0.390829 0.390829
5259.910645 0.000000 84.167336 0.000000 0.952564 0.000000 -0.304339 0.379819 0.379819 0.379819
5257.114258 0.000000 86.598145 0.000000 0.997191 0.000000 -0.074901 0.374842 0.374842 0.374842
5284.294922 0.000000 286.078644 0.000000 0.999448 0.000000 -0.033233 0.356766 0.356766 0.356766
5373.935547 0.000000 368.936279 0.000000 0.963391 0.000000 -0.268099 0.338914 0.338914 0.338914
5370.085938 0.000000 386.064850 0.000000 0.921641 0.000000 -0.388044 0.406068 0.406068 0.406068
5612.263184 0.000000 445.565735 0.000000 0.852183 0.000000 -0.523244 0.389393 0.389393 0.389393
5412.142090 0.000000 451.970215 0.000000 0.769531 0.000000 -0.638609 0.386819 0.386819 0.386819
5440.060059 0.000000 460.123199 0.000000 0.953736 0.000000 -0.300645 0.385815 0.385815 0.385815
5565.258301 0.000000 520.373718 0.000000 0.945846 0.000000 -0.324615 0.389643 0.389643 0.389643
5567.450684 0.000000 516.288696 0.000000 0.752227 0.000000 -0.658904 0.400605 0.400605 0.400605
5563.596680 0.000000 524.885803 0.000000 0.820154 0.000000 -0.572143 0.395017 0.395017 0.395017
6415.844238 0.000000 285.549042 0.000000 0.822372 0.000000 -0.568950 0.390767 0.390767 0.390767
6610.130371 0.000000 271.030731 0.000000 0.909244 0.000000 -0.416263 0.384621 0.384621 0.384621
"}
object={
	name="baobab_generator_1_3"
	clamp_to_water_level=no
	render_under_water=no
	generated_content=yes
	layer="semidynamic"
	pdxmesh="tree_baobab_04_mesh"
	count=19
	transform="5264.687988 0.000000 91.669525 0.000000 0.442270 0.000000 -0.896882 0.429848 0.429848 0.429848
5266.931641 0.000000 87.810577 0.000000 0.404274 0.000000 -0.914638 0.433645 0.433645 0.433645
5282.139648 0.000000 284.148193 0.000000 0.222136 0.000000 -0.975016 0.388904 0.388904 0.388904
5367.879395 0.000000 382.101074 0.000000 0.544434 0.000000 -0.838804 0.405593 0.405593 0.405593
5374.830566 0.000000 386.141388 0.000000 0.043529 0.000000 -0.999052 0.411194 0.411194 0.411194
5372.370605 0.000000 384.802887 0.000000 0.673054 0.000000 -0.739593 0.414995 0.414995 0.414995
5412.314453 0.000000 448.786530 0.000000 0.133851 0.000000 -0.991001 0.413757 0.413757 0.413757
5398.302246 0.000000 456.929047 0.000000 0.691861 0.000000 -0.722031 0.362653 0.362653 0.362653
5434.815430 0.000000 459.444153 0.000000 0.276660 0.000000 -0.960968 0.460561 0.460561 0.460561
5437.258301 0.000000 463.889343 0.000000 0.612891 0.000000 -0.790168 0.417686 0.417686 0.417686
5439.835938 0.000000 456.359070 0.000000 0.509552 0.000000 -0.860440 0.425791 0.425791 0.425791
5558.469238 0.000000 518.513489 0.000000 0.556909 0.000000 -0.830573 0.397448 0.397448 0.397448
5566.188965 0.000000 523.433960 0.000000 0.547268 0.000000 -0.836958 0.406923 0.406923 0.406923
5738.581543 0.000000 527.164185 0.000000 0.389993 0.000000 -0.920818 0.380166 0.380166 0.380166
6557.565918 0.000000 212.751877 0.000000 0.636405 0.000000 -0.771355 0.371303 0.371303 0.371303
6511.774902 0.000000 245.126053 0.000000 0.064821 0.000000 -0.997897 0.433697 0.433697 0.433697
6424.982910 0.000000 286.295746 0.000000 0.182512 0.000000 -0.983204 0.434456 0.434456 0.434456
6408.000977 0.000000 286.483093 0.000000 0.252597 0.000000 -0.967572 0.424332 0.424332 0.424332
6777.614258 0.000000 165.349884 0.000000 0.255752 0.000000 -0.966743 0.374959 0.374959 0.374959
"}
