object={
	name="bush_01_generator_1_0"
	clamp_to_water_level=no
	render_under_water=no
	generated_content=yes
	layer="semidynamic_medium"
	pdxmesh="tree_bush_01_mesh"
	count=437
	transform="835.716370 0.000000 888.371765 0.000000 0.768932 0.000000 0.639331 0.125459 0.125459 0.125459
837.003174 0.000000 883.393616 0.000000 0.939230 0.000000 -0.343289 0.128023 0.128023 0.128023
861.565735 0.000000 890.564392 0.000000 0.187617 0.000000 0.982242 0.127468 0.127468 0.127468
862.089844 0.000000 876.200928 0.000000 0.887874 0.000000 0.460087 0.131304 0.131304 0.131304
855.871582 0.000000 886.746643 0.000000 0.382884 0.000000 0.923796 0.131030 0.131030 0.131030
852.862122 0.000000 895.932678 0.000000 0.851060 0.000000 -0.525068 0.141380 0.141380 0.141380
2045.042114 0.000000 676.986267 0.000000 0.607658 0.000000 0.794199 0.121281 0.121281 0.121281
2044.718994 0.000000 662.559570 0.000000 0.010519 0.000000 0.999945 0.148540 0.148540 0.148540
2042.989014 0.000000 654.962219 0.000000 0.335894 0.000000 0.941900 0.143732 0.143732 0.143732
2039.879395 0.000000 664.522949 0.000000 0.985487 0.000000 0.169753 0.139296 0.139296 0.139296
2046.830811 0.000000 668.563232 0.000000 0.607905 0.000000 0.794010 0.143036 0.143036 0.143036
2043.206421 0.000000 651.308899 0.000000 0.600830 0.000000 0.799377 0.137558 0.137558 0.137558
2046.888184 0.000000 657.953125 0.000000 0.701772 0.000000 0.712402 0.153996 0.153996 0.153996
2047.545410 0.000000 653.287231 0.000000 0.896502 0.000000 0.443039 0.147947 0.147947 0.147947
2044.605713 0.000000 653.254761 0.000000 0.413941 0.000000 0.910304 0.143593 0.143593 0.143593
2047.035522 0.000000 662.936279 0.000000 0.849812 0.000000 -0.527086 0.161345 0.161345 0.161345
2043.060547 0.000000 663.920410 0.000000 0.068810 0.000000 0.997630 0.145629 0.145629 0.145629
2044.194946 0.000000 656.917236 0.000000 0.994159 0.000000 -0.107924 0.155716 0.155716 0.155716
2045.048584 0.000000 660.593445 0.000000 0.514003 0.000000 0.857788 0.152257 0.152257 0.152257
2057.163818 0.000000 660.628906 0.000000 0.812882 0.000000 -0.582428 0.143970 0.143970 0.143970
2055.290527 0.000000 664.173218 0.000000 0.846639 0.000000 0.532167 0.138105 0.138105 0.138105
2050.892334 0.000000 659.529419 0.000000 0.509222 0.000000 0.860635 0.152771 0.152771 0.152771
2051.168213 0.000000 665.280823 0.000000 0.496588 0.000000 0.867986 0.147824 0.147824 0.147824
2055.290527 0.000000 656.000488 0.000000 0.860259 0.000000 -0.509857 0.150418 0.150418 0.150418
2050.786133 0.000000 656.228821 0.000000 0.854756 0.000000 -0.519031 0.159018 0.159018 0.159018
2049.116211 0.000000 657.827332 0.000000 0.908922 0.000000 -0.416965 0.160146 0.160146 0.160146
2943.097656 0.000000 886.654846 0.000000 0.996929 0.000000 0.078307 0.126854 0.126854 0.126854
2951.290527 0.000000 890.110718 0.000000 0.995565 0.000000 0.094077 0.131258 0.131258 0.131258
566.496216 0.000000 2740.558838 0.000000 0.889730 0.000000 -0.456488 0.135345 0.135345 0.135345
567.033203 0.000000 2749.697998 0.000000 0.617797 0.000000 0.786337 0.143639 0.143639 0.143639
565.610352 0.000000 2746.742920 0.000000 0.764688 0.000000 0.644400 0.141316 0.141316 0.141316
562.616638 0.000000 2757.303223 0.000000 0.999993 0.000000 0.003819 0.144520 0.144520 0.144520
570.989014 0.000000 2744.884033 0.000000 0.926085 0.000000 0.377315 0.139438 0.139438 0.139438
567.879456 0.000000 2754.444824 0.000000 0.989906 0.000000 -0.141724 0.149694 0.149694 0.149694
572.341309 0.000000 2764.417725 0.000000 0.989473 0.000000 -0.144717 0.146894 0.146894 0.146894
570.085754 0.000000 2758.408691 0.000000 0.571471 0.000000 0.820622 0.143911 0.143911 0.143911
575.022949 0.000000 2765.415527 0.000000 0.570067 0.000000 0.821598 0.139016 0.139016 0.139016
567.370422 0.000000 2744.905518 0.000000 0.285736 0.000000 0.958308 0.135957 0.135957 0.135957
564.503296 0.000000 2765.667480 0.000000 0.894341 0.000000 -0.447387 0.147809 0.147809 0.147809
562.714722 0.000000 2761.722900 0.000000 0.390183 0.000000 0.920737 0.137537 0.137537 0.137537
571.743408 0.000000 2761.977539 0.000000 0.518920 0.000000 0.854823 0.143073 0.143073 0.143073
569.397339 0.000000 2749.400391 0.000000 0.887771 0.000000 0.460286 0.144544 0.144544 0.144544
567.341309 0.000000 2762.541992 0.000000 0.093527 0.000000 0.995617 0.141479 0.141479 0.141479
583.674683 0.000000 2735.196045 0.000000 0.563092 0.000000 0.826394 0.118890 0.118890 0.118890
582.599243 0.000000 2764.350830 0.000000 0.918488 0.000000 -0.395449 0.125412 0.125412 0.125412
576.315308 0.000000 2737.675537 0.000000 0.977886 0.000000 -0.209139 0.125204 0.125204 0.125204
562.278564 0.000000 2798.443359 0.000000 0.942670 0.000000 0.333726 0.137431 0.137431 0.137431
564.969055 0.000000 2772.092285 0.000000 0.984717 0.000000 0.174162 0.147632 0.147632 0.147632
570.989014 0.000000 2801.368408 0.000000 0.996799 0.000000 -0.079944 0.136481 0.136481 0.136481
562.542297 0.000000 2773.532959 0.000000 0.898344 0.000000 -0.439293 0.144357 0.144357 0.144357
568.357544 0.000000 2776.081299 0.000000 1.000000 0.000000 -0.000889 0.157988 0.157988 0.157988
575.836121 0.000000 2772.218506 0.000000 0.506425 0.000000 0.862284 0.144088 0.144088 0.144088
572.546326 0.000000 2795.674072 0.000000 0.730736 0.000000 0.682660 0.141628 0.141628 0.141628
568.373596 0.000000 2767.872803 0.000000 0.991074 0.000000 -0.133315 0.151904 0.151904 0.151904
567.474670 0.000000 2772.804932 0.000000 0.456842 0.000000 0.889548 0.148145 0.148145 0.148145
574.677185 0.000000 2770.280518 0.000000 0.495559 0.000000 0.868574 0.142404 0.142404 0.142404
564.127808 0.000000 2785.616943 0.000000 0.985269 0.000000 -0.171010 0.154341 0.154341 0.154341
573.061157 0.000000 2768.290771 0.000000 0.765841 0.000000 0.643030 0.146802 0.146802 0.146802
566.075073 0.000000 2789.279297 0.000000 0.431474 0.000000 0.902125 0.149627 0.149627 0.149627
574.998657 0.000000 2791.716064 0.000000 0.320566 0.000000 0.947226 0.142579 0.142579 0.142579
575.211731 0.000000 2778.566162 0.000000 0.996533 0.000000 -0.083202 0.153347 0.153347 0.153347
569.029419 0.000000 2774.171143 0.000000 0.969295 0.000000 -0.245900 0.158103 0.158103 0.158103
571.533813 0.000000 2773.309082 0.000000 0.958137 0.000000 -0.286312 0.156051 0.156051 0.156051
569.789001 0.000000 2787.096191 0.000000 0.210597 0.000000 0.977573 0.150615 0.150615 0.150615
567.633301 0.000000 2786.452148 0.000000 0.991345 0.000000 0.131280 0.155647 0.155647 0.155647
571.459473 0.000000 2777.094482 0.000000 0.994619 0.000000 -0.103601 0.158505 0.158505 0.158505
571.325317 0.000000 2779.849609 0.000000 0.917447 0.000000 -0.397858 0.161743 0.161743 0.161743
585.163696 0.000000 2807.035156 0.000000 0.899775 0.000000 -0.436354 0.127294 0.127294 0.127294
585.597778 0.000000 2817.609863 0.000000 0.966958 0.000000 0.254935 0.127794 0.127794 0.127794
593.216492 0.000000 2807.615723 0.000000 0.971019 0.000000 0.239003 0.130641 0.130641 0.130641
593.116211 0.000000 2814.981934 0.000000 0.804948 0.000000 0.593346 0.135577 0.135577 0.135577
594.867188 0.000000 2810.698242 0.000000 0.818093 0.000000 -0.575087 0.138218 0.138218 0.138218
591.660034 0.000000 2818.899658 0.000000 0.855156 0.000000 -0.518370 0.140206 0.140206 0.140206
578.492065 0.000000 2771.323975 0.000000 0.845458 0.000000 -0.534042 0.138576 0.138576 0.138576
595.100281 0.000000 2820.481201 0.000000 0.490578 0.000000 0.871397 0.134798 0.134798 0.134798
578.759888 0.000000 2776.848877 0.000000 0.978807 0.000000 -0.204785 0.142103 0.142103 0.142103
596.862122 0.000000 2816.401367 0.000000 0.180261 0.000000 0.983619 0.132790 0.132790 0.132790
576.315308 0.000000 2850.644287 0.000000 0.262178 0.000000 0.965020 0.119201 0.119201 0.119201
636.718933 0.000000 2865.450195 0.000000 0.902560 0.000000 -0.430565 0.139200 0.139200 0.139200
638.888184 0.000000 2860.843750 0.000000 0.485257 0.000000 0.874372 0.135312 0.135312 0.135312
643.168213 0.000000 2868.171387 0.000000 0.955070 0.000000 -0.296381 0.147619 0.147619 0.147619
652.244568 0.000000 2874.835449 0.000000 0.975411 0.000000 0.220392 0.140734 0.140734 0.140734
654.569397 0.000000 2857.987549 0.000000 0.136815 0.000000 0.990597 0.134734 0.134734 0.134734
647.626770 0.000000 2870.569092 0.000000 0.991001 0.000000 0.133851 0.147267 0.147267 0.147267
651.346924 0.000000 2872.182861 0.000000 0.142469 0.000000 0.989799 0.139573 0.139573 0.139573
642.854553 0.000000 2871.765625 0.000000 0.704991 0.000000 0.709216 0.139272 0.139272 0.139272
656.405029 0.000000 2861.773926 0.000000 0.872248 0.000000 -0.489064 0.146889 0.146889 0.146889
655.784607 0.000000 2866.041504 0.000000 0.495473 0.000000 0.868624 0.145110 0.145110 0.145110
653.897400 0.000000 2867.326660 0.000000 0.957757 0.000000 -0.287579 0.154361 0.154361 0.154361
654.486389 0.000000 2862.900635 0.000000 0.723883 0.000000 0.689922 0.145408 0.145408 0.145408
654.936279 0.000000 2870.790771 0.000000 0.852691 0.000000 0.522415 0.145311 0.145311 0.145311
651.567810 0.000000 2864.372070 0.000000 0.992950 0.000000 0.118532 0.154595 0.154595 0.154595
645.188354 0.000000 2866.958740 0.000000 0.997683 0.000000 0.068034 0.150933 0.150933 0.150933
647.299622 0.000000 2864.956787 0.000000 0.949992 0.000000 0.312274 0.152504 0.152504 0.152504
774.113892 0.000000 2863.177246 0.000000 0.996133 0.000000 0.087857 0.146368 0.146368 0.146368
773.178101 0.000000 2849.588867 0.000000 0.389131 0.000000 0.921182 0.133756 0.133756 0.133756
775.173279 0.000000 2853.425537 0.000000 0.982654 0.000000 0.185450 0.143680 0.143680 0.143680
775.626770 0.000000 2870.569092 0.000000 0.970477 0.000000 -0.241195 0.146788 0.146788 0.146788
779.567810 0.000000 2864.372070 0.000000 0.763658 0.000000 0.645621 0.144595 0.144595 0.144595
2495.419434 0.000000 1998.825195 0.000000 0.986881 0.000000 -0.161447 0.123885 0.123885 0.123885
2490.815186 0.000000 1984.522217 0.000000 0.935379 0.000000 0.353647 0.137891 0.137891 0.137891
2492.365723 0.000000 1979.680786 0.000000 0.989685 0.000000 0.143259 0.136069 0.136069 0.136069
2493.258057 0.000000 1988.967407 0.000000 0.861562 0.000000 0.507653 0.140436 0.140436 0.140436
2495.836182 0.000000 1981.437256 0.000000 0.875450 0.000000 0.483309 0.140563 0.140563 0.140563
2498.492188 0.000000 1980.542725 0.000000 0.967056 0.000000 -0.254564 0.142898 0.142898 0.142898
2502.201904 0.000000 1988.465942 0.000000 0.826471 0.000000 -0.562979 0.141009 0.141009 0.141009
2498.760010 0.000000 1986.067749 0.000000 0.910257 0.000000 0.414045 0.144784 0.144784 0.144784
2498.164551 0.000000 2052.809082 0.000000 0.997398 0.000000 0.072093 0.124084 0.124084 0.124084
2553.614258 0.000000 2085.818604 0.000000 0.189276 0.000000 0.981924 0.121583 0.121583 0.121583
3017.597900 0.000000 2648.156738 0.000000 0.993543 0.000000 -0.113454 0.128756 0.128756 0.128756
3025.626221 0.000000 2659.975098 0.000000 0.591904 0.000000 0.806008 0.123376 0.123376 0.123376
3497.927490 0.000000 2021.686401 0.000000 0.984983 0.000000 -0.172652 0.131817 0.131817 0.131817
3485.536865 0.000000 2016.966309 0.000000 0.902585 0.000000 -0.430513 0.142040 0.142040 0.142040
3482.132568 0.000000 2011.404907 0.000000 0.992740 0.000000 -0.120282 0.157465 0.157465 0.157465
3506.335205 0.000000 1997.846191 0.000000 0.644409 0.000000 0.764681 0.132907 0.132907 0.132907
3498.699707 0.000000 2017.331909 0.000000 0.999772 0.000000 0.021346 0.144999 0.144999 0.144999
3504.015381 0.000000 2004.734619 0.000000 0.588248 0.000000 0.808681 0.149986 0.149986 0.149986
3509.610352 0.000000 2012.445923 0.000000 0.508462 0.000000 0.861084 0.131097 0.131097 0.131097
3499.534668 0.000000 1992.942871 0.000000 0.415301 0.000000 0.909684 0.140361 0.140361 0.140361
3506.278564 0.000000 2007.661987 0.000000 0.487669 0.000000 0.873029 0.142902 0.142902 0.142902
3496.221680 0.000000 1997.396362 0.000000 0.056958 0.000000 0.998377 0.155703 0.155703 0.155703
3483.115967 0.000000 1995.428345 0.000000 0.732022 0.000000 0.681281 0.144917 0.144917 0.144917
3485.260010 0.000000 2011.222412 0.000000 0.972092 0.000000 -0.234601 0.161432 0.161432 0.161432
3498.478760 0.000000 2002.690186 0.000000 0.847488 0.000000 -0.530815 0.174482 0.174482 0.174482
3482.616211 0.000000 2001.035522 0.000000 0.781815 0.000000 0.623510 0.160628 0.160628 0.160628
3500.193604 0.000000 1997.897705 0.000000 0.935423 0.000000 -0.353530 0.156400 0.156400 0.156400
3483.921387 0.000000 1992.908813 0.000000 0.884626 0.000000 -0.466301 0.143925 0.143925 0.143925
3501.602051 0.000000 2016.878052 0.000000 0.658609 0.000000 0.752485 0.138439 0.138439 0.138439
3507.409180 0.000000 2002.439331 0.000000 0.763324 0.000000 0.646016 0.142950 0.142950 0.142950
3501.452393 0.000000 2005.522949 0.000000 0.999494 0.000000 -0.031816 0.167116 0.167116 0.167116
3483.115234 0.000000 2006.236816 0.000000 0.670685 0.000000 0.741743 0.160870 0.160870 0.160870
3479.655029 0.000000 2010.608643 0.000000 0.180581 0.000000 0.983560 0.140824 0.140824 0.140824
3482.516602 0.000000 2015.732056 0.000000 0.845215 0.000000 0.534426 0.141944 0.141944 0.141944
3489.496826 0.000000 2001.183838 0.000000 0.690489 0.000000 0.723343 0.170837 0.170837 0.170837
3495.437012 0.000000 2004.335083 0.000000 0.719189 0.000000 0.694814 0.174342 0.174342 0.174342
3476.386963 0.000000 2003.750244 0.000000 0.771803 0.000000 0.635862 0.144655 0.144655 0.144655
3494.985352 0.000000 2008.817505 0.000000 0.924909 0.000000 0.380188 0.171514 0.171514 0.171514
3491.024170 0.000000 1997.525269 0.000000 0.705869 0.000000 0.708342 0.162764 0.162764 0.162764
3485.193848 0.000000 2003.164307 0.000000 0.353724 0.000000 0.935350 0.164291 0.164291 0.164291
3490.794434 0.000000 2015.212646 0.000000 0.885786 0.000000 -0.464094 0.155291 0.155291 0.155291
3489.651611 0.000000 2013.150635 0.000000 1.000000 0.000000 0.000575 0.159101 0.159101 0.159101
3499.827148 0.000000 2015.139893 0.000000 0.704636 0.000000 0.709569 0.147462 0.147462 0.147462
3503.774658 0.000000 1996.141724 0.000000 0.984265 0.000000 -0.176697 0.149862 0.149862 0.149862
3500.304199 0.000000 2000.652466 0.000000 0.849506 0.000000 -0.527579 0.166479 0.166479 0.166479
3480.466797 0.000000 2003.477173 0.000000 0.507370 0.000000 0.861728 0.155469 0.155469 0.155469
3496.581299 0.000000 2007.217529 0.000000 0.471535 0.000000 0.881847 0.168782 0.168782 0.168782
3489.051514 0.000000 2009.144653 0.000000 0.999950 0.000000 0.010030 0.171934 0.171934 0.171934
3496.507812 0.000000 2001.375488 0.000000 0.961607 0.000000 0.274431 0.172133 0.172133 0.172133
3497.381104 0.000000 1992.900757 0.000000 0.845179 0.000000 0.534483 0.146345 0.146345 0.146345
3488.249023 0.000000 2005.328857 0.000000 0.627631 0.000000 0.778511 0.172547 0.172547 0.172547
3493.382812 0.000000 2004.535156 0.000000 0.845699 0.000000 0.533660 0.176610 0.176610 0.176610
3480.739258 0.000000 2005.522339 0.000000 0.241267 0.000000 0.970459 0.153992 0.153992 0.153992
3499.705322 0.000000 2004.340820 0.000000 0.148449 0.000000 0.988920 0.164205 0.164205 0.164205
3505.818848 0.000000 2003.700806 0.000000 0.891993 0.000000 -0.452049 0.155793 0.155793 0.155793
3485.062500 0.000000 1994.629395 0.000000 0.244564 0.000000 0.969633 0.146497 0.146497 0.146497
3482.051758 0.000000 2009.247314 0.000000 0.506635 0.000000 0.862161 0.156006 0.156006 0.156006
3493.990723 0.000000 2013.590454 0.000000 0.990913 0.000000 -0.134502 0.162037 0.162037 0.162037
3503.143311 0.000000 2002.630615 0.000000 0.977517 0.000000 0.210856 0.159141 0.159141 0.159141
3492.999756 0.000000 2011.634644 0.000000 0.856940 0.000000 0.515417 0.165170 0.165170 0.165170
3499.248291 0.000000 2009.779175 0.000000 0.950199 0.000000 -0.311644 0.170329 0.170329 0.170329
3491.914307 0.000000 2005.712280 0.000000 0.953979 0.000000 -0.299872 0.181010 0.181010 0.181010
3495.873779 0.000000 2013.740601 0.000000 0.505000 0.000000 0.863119 0.156538 0.156538 0.156538
3491.804932 0.000000 1995.867432 0.000000 0.998814 0.000000 -0.048697 0.159911 0.159911 0.159911
3492.762207 0.000000 1998.458252 0.000000 0.971181 0.000000 -0.238343 0.174435 0.174435 0.174435
3485.381592 0.000000 2007.548340 0.000000 0.590680 0.000000 0.806906 0.164675 0.164675 0.164675
3496.804443 0.000000 2011.077393 0.000000 0.301361 0.000000 0.953510 0.159689 0.159689 0.159689
3496.327148 0.000000 1999.224976 0.000000 0.904091 0.000000 -0.427341 0.171566 0.171566 0.171566
3501.502441 0.000000 1999.313965 0.000000 0.576947 0.000000 0.816782 0.155349 0.155349 0.155349
3490.170654 0.000000 2005.310425 0.000000 0.992109 0.000000 -0.125381 0.179989 0.179989 0.179989
3490.022705 0.000000 1998.988892 0.000000 0.982480 0.000000 -0.186368 0.174142 0.174142 0.174142
3487.589600 0.000000 2006.998169 0.000000 0.826665 0.000000 -0.562694 0.176402 0.176402 0.176402
3490.989746 0.000000 2009.167480 0.000000 0.814759 0.000000 -0.579799 0.177088 0.177088 0.177088
3497.028320 0.000000 2003.659912 0.000000 0.162581 0.000000 0.986695 0.168564 0.168564 0.168564
3483.994141 0.000000 2001.986328 0.000000 0.924689 0.000000 -0.380723 0.166186 0.166186 0.166186
3494.210205 0.000000 2010.453003 0.000000 0.176215 0.000000 0.984352 0.160076 0.160076 0.160076
3486.604736 0.000000 2010.233276 0.000000 0.232147 0.000000 0.972681 0.157163 0.157163 0.157163
3486.429688 0.000000 2002.128052 0.000000 0.892301 0.000000 -0.451442 0.177964 0.177964 0.177964
3493.460205 0.000000 2008.288330 0.000000 0.406878 0.000000 0.913483 0.167302 0.167302 0.167302
3495.139160 0.000000 2000.680786 0.000000 0.795977 0.000000 0.605327 0.172270 0.172270 0.172270
3495.754639 0.000000 2002.861572 0.000000 0.861956 0.000000 0.506983 0.175136 0.175136 0.175136
3699.720459 0.000000 1958.340576 0.000000 0.803725 0.000000 0.595001 0.124042 0.124042 0.124042
3914.048096 0.000000 1965.969116 0.000000 0.501369 0.000000 0.865234 0.123480 0.123480 0.123480
3911.290527 0.000000 1963.313843 0.000000 0.958120 0.000000 -0.286366 0.134001 0.134001 0.134001
3910.114014 0.000000 1959.427246 0.000000 0.326482 0.000000 0.945203 0.129693 0.129693 0.129693
4031.097656 0.000000 1959.857910 0.000000 0.130142 0.000000 0.991495 0.121341 0.121341 0.121341
4020.391846 0.000000 1968.855469 0.000000 0.990204 0.000000 0.139630 0.153375 0.153375 0.153375
4028.718994 0.000000 1961.700195 0.000000 0.571651 0.000000 0.820497 0.131422 0.131422 0.131422
4026.107422 0.000000 1975.669189 0.000000 0.984143 0.000000 0.177376 0.146503 0.146503 0.146503
4018.616699 0.000000 1966.521973 0.000000 0.982282 0.000000 0.187410 0.147012 0.147012 0.147012
4021.008789 0.000000 1964.690552 0.000000 0.815301 0.000000 -0.579037 0.150806 0.150806 0.150806
4030.830811 0.000000 1967.703857 0.000000 0.204732 0.000000 0.978818 0.136116 0.136116 0.136116
4028.341309 0.000000 1973.636597 0.000000 0.916540 0.000000 -0.399944 0.148134 0.148134 0.148134
4015.961914 0.000000 1975.728638 0.000000 0.249868 0.000000 0.968280 0.135789 0.135789 0.135789
4020.503418 0.000000 1974.886353 0.000000 0.827310 0.000000 0.561746 0.147839 0.147839 0.147839
4018.714844 0.000000 1970.941650 0.000000 0.974225 0.000000 -0.225580 0.152356 0.152356 0.152356
4027.743408 0.000000 1971.196289 0.000000 0.811153 0.000000 0.584833 0.148802 0.148802 0.148802
4028.370361 0.000000 1966.365356 0.000000 0.938139 0.000000 -0.346258 0.148431 0.148431 0.148431
4022.447266 0.000000 1969.678223 0.000000 0.992237 0.000000 0.124358 0.154008 0.154008 0.154008
4035.716309 0.000000 1961.574951 0.000000 0.975585 0.000000 0.219621 0.122937 0.122937 0.122937
4035.856934 0.000000 1970.540649 0.000000 0.468392 0.000000 0.883521 0.125490 0.125490 0.125490
3987.921631 0.000000 2001.278564 0.000000 0.944709 0.000000 0.327909 0.121939 0.121939 0.121939
3993.268799 0.000000 1993.362305 0.000000 0.926213 0.000000 0.377001 0.130586 0.130586 0.130586
3989.428223 0.000000 2009.300781 0.000000 0.156392 0.000000 0.987695 0.118773 0.118773 0.118773
4001.639404 0.000000 2006.990723 0.000000 0.887374 0.000000 0.461051 0.123024 0.123024 0.123024
3994.840820 0.000000 2003.657471 0.000000 0.891738 0.000000 0.452552 0.130236 0.130236 0.130236
3994.616699 0.000000 1983.162598 0.000000 0.991194 0.000000 0.132421 0.124960 0.124960 0.124960
3994.661621 0.000000 1998.390747 0.000000 0.560168 0.000000 0.828379 0.129190 0.129190 0.129190
3995.974365 0.000000 2008.682617 0.000000 0.629158 0.000000 0.777278 0.123567 0.123567 0.123567
3990.003418 0.000000 1990.655518 0.000000 0.938242 0.000000 -0.345979 0.130301 0.130301 0.130301
3990.596680 0.000000 1997.484253 0.000000 0.999363 0.000000 -0.035687 0.130681 0.130681 0.130681
4017.495361 0.000000 1977.053223 0.000000 0.996129 0.000000 0.087904 0.143016 0.143016 0.143016
4024.373535 0.000000 1977.091553 0.000000 0.743751 0.000000 0.668456 0.142264 0.142264 0.142264
4035.834473 0.000000 1976.955688 0.000000 0.762539 0.000000 0.646942 0.119941 0.119941 0.119941
4073.246582 0.000000 2081.749268 0.000000 0.631829 0.000000 0.775107 0.135558 0.135558 0.135558
4082.616699 0.000000 2079.490723 0.000000 0.950578 0.000000 -0.310486 0.149385 0.149385 0.149385
4087.879395 0.000000 2076.632324 0.000000 0.279498 0.000000 0.960146 0.134853 0.134853 0.134853
4085.008789 0.000000 2077.659424 0.000000 0.986227 0.000000 0.165399 0.143216 0.143216 0.143216
4074.622314 0.000000 2087.462646 0.000000 0.819124 0.000000 0.573617 0.137332 0.137332 0.137332
4079.560791 0.000000 2076.201172 0.000000 0.718415 0.000000 0.695615 0.140452 0.140452 0.140452
4082.714844 0.000000 2083.910400 0.000000 0.386468 0.000000 0.922303 0.142912 0.142912 0.142912
4076.424072 0.000000 2085.983643 0.000000 0.991938 0.000000 0.126722 0.144511 0.144511 0.144511
3255.033203 0.000000 2410.791748 0.000000 0.522838 0.000000 0.852432 0.137132 0.137132 0.137132
3255.879395 0.000000 2415.538574 0.000000 0.652498 0.000000 0.757790 0.146030 0.146030 0.146030
3263.022949 0.000000 2426.509277 0.000000 0.749867 0.000000 0.661589 0.146685 0.146685 0.146685
3260.370361 0.000000 2418.240479 0.000000 0.981183 0.000000 0.193081 0.152552 0.152552 0.152552
3257.397217 0.000000 2410.494141 0.000000 0.956306 0.000000 -0.292368 0.144206 0.144206 0.144206
3259.060547 0.000000 2414.936035 0.000000 0.984179 0.000000 0.177177 0.149846 0.149846 0.149846
3254.447266 0.000000 2421.553223 0.000000 0.948246 0.000000 -0.317536 0.156212 0.156212 0.156212
3252.752686 0.000000 2418.740967 0.000000 0.921194 0.000000 -0.389102 0.154319 0.154319 0.154319
3258.542236 0.000000 2421.514893 0.000000 0.859999 0.000000 -0.510296 0.158397 0.158397 0.158397
3277.646240 0.000000 2413.090088 0.000000 0.480032 0.000000 0.877251 0.124463 0.124463 0.124463
3273.807861 0.000000 2408.049316 0.000000 0.300905 0.000000 0.953654 0.126351 0.126351 0.126351
3270.656738 0.000000 2421.161621 0.000000 0.977497 0.000000 0.210949 0.137439 0.137439 0.137439
3266.892334 0.000000 2410.544922 0.000000 0.851208 0.000000 -0.524828 0.142519 0.142519 0.142519
3264.956543 0.000000 2413.463623 0.000000 0.805615 0.000000 0.592439 0.140523 0.140523 0.140523
3266.854492 0.000000 2419.890625 0.000000 0.950439 0.000000 0.310912 0.144747 0.144747 0.144747
3258.875244 0.000000 2428.982666 0.000000 0.984352 0.000000 -0.176214 0.136339 0.136339 0.136339
3266.492188 0.000000 2432.417725 0.000000 0.835014 0.000000 -0.550229 0.138089 0.138089 0.138089
3177.206787 0.000000 2493.856201 0.000000 0.913318 0.000000 -0.407247 0.123759 0.123759 0.123759
3251.006592 0.000000 2493.757568 0.000000 0.992304 0.000000 0.123823 0.132806 0.132806 0.132806
3252.612793 0.000000 2501.024414 0.000000 0.993774 0.000000 -0.111418 0.133245 0.133245 0.133245
3254.755859 0.000000 2567.892334 0.000000 0.514245 0.000000 0.857643 0.127334 0.127334 0.127334
3250.335205 0.000000 2562.689941 0.000000 0.289953 0.000000 0.957041 0.130602 0.130602 0.130602
3239.866699 0.000000 2639.984863 0.000000 0.997447 0.000000 -0.071409 0.124091 0.124091 0.124091
3261.042236 0.000000 2653.939453 0.000000 0.230141 0.000000 0.973157 0.120143 0.120143 0.120143
3201.476562 0.000000 2604.739990 0.000000 0.992005 0.000000 0.126198 0.124985 0.124985 0.124985
3207.651123 0.000000 2615.768555 0.000000 0.286910 0.000000 0.957958 0.120378 0.120378 0.120378
3200.110596 0.000000 2608.645752 0.000000 0.974654 0.000000 0.223716 0.129039 0.129039 0.129039
3223.759277 0.000000 2642.406982 0.000000 0.870477 0.000000 0.492209 0.127843 0.127843 0.127843
3232.693359 0.000000 2650.269531 0.000000 0.854540 0.000000 -0.519386 0.136791 0.136791 0.136791
3236.314209 0.000000 2651.677246 0.000000 0.839439 0.000000 0.543454 0.133645 0.133645 0.133645
3247.961914 0.000000 2653.541260 0.000000 0.131764 0.000000 0.991281 0.133108 0.133108 0.133108
3282.867188 0.000000 2641.245117 0.000000 0.990549 0.000000 -0.137158 0.135043 0.135043 0.135043
3266.892334 0.000000 2636.482422 0.000000 0.999226 0.000000 -0.039335 0.140231 0.140231 0.140231
3276.244629 0.000000 2648.897949 0.000000 0.956942 0.000000 0.290278 0.138188 0.138188 0.138188
3266.786133 0.000000 2633.181885 0.000000 0.944582 0.000000 0.328276 0.139119 0.139119 0.139119
3236.294922 0.000000 2658.422363 0.000000 0.945127 0.000000 0.326704 0.136355 0.136355 0.136355
3243.597168 0.000000 2656.790039 0.000000 0.867302 0.000000 0.497782 0.139937 0.139937 0.139937
3267.834473 0.000000 2654.768066 0.000000 0.687697 0.000000 0.725998 0.119516 0.119516 0.119516
3540.950195 0.000000 2550.966064 0.000000 0.140167 0.000000 0.990128 0.118708 0.118708 0.118708
3537.893799 0.000000 2555.111572 0.000000 0.972361 0.000000 -0.233484 0.128125 0.128125 0.128125
3937.639404 0.000000 2854.256348 0.000000 0.377944 0.000000 0.925829 0.119146 0.119146 0.119146
4581.084961 0.000000 692.610107 0.000000 0.818538 0.000000 -0.574453 0.126792 0.126792 0.126792
5251.716309 0.000000 267.043671 0.000000 0.918385 0.000000 0.395688 0.122759 0.122759 0.122759
5575.290527 0.000000 381.751343 0.000000 0.050172 0.000000 0.998741 0.125280 0.125280 0.125280
5646.189453 0.000000 375.350006 0.000000 0.976510 0.000000 0.215470 0.121285 0.121285 0.121285
5595.974121 0.000000 483.604523 0.000000 0.762620 0.000000 0.646847 0.123776 0.123776 0.123776
5591.538086 0.000000 601.130554 0.000000 0.046011 0.000000 0.998941 0.121532 0.121532 0.121532
5602.040527 0.000000 583.148682 0.000000 0.470263 0.000000 0.882526 0.127122 0.127122 0.127122
5612.084473 0.000000 595.587524 0.000000 0.836528 0.000000 -0.547924 0.142071 0.142071 0.142071
5598.662598 0.000000 611.034180 0.000000 0.841963 0.000000 -0.539536 0.142597 0.142597 0.142597
5608.221680 0.000000 585.286987 0.000000 0.046689 0.000000 0.998909 0.130063 0.130063 0.130063
5597.260254 0.000000 599.112976 0.000000 0.728758 0.000000 0.684771 0.137787 0.137787 0.137787
5606.386719 0.000000 587.191833 0.000000 0.915864 0.000000 0.401489 0.138767 0.138767 0.138767
5613.452148 0.000000 593.413574 0.000000 0.960079 0.000000 0.279729 0.139347 0.139347 0.139347
5601.651855 0.000000 601.041199 0.000000 0.732315 0.000000 0.680966 0.142732 0.142732 0.142732
5603.886719 0.000000 595.468262 0.000000 0.214202 0.000000 0.976789 0.142057 0.142057 0.142057
5608.581055 0.000000 595.108154 0.000000 0.091305 0.000000 0.995823 0.139333 0.139333 0.139333
5601.051758 0.000000 597.035217 0.000000 0.808132 0.000000 0.589001 0.144934 0.144934 0.144934
5689.729980 0.000000 718.601990 0.000000 0.257450 0.000000 0.966292 0.118645 0.118645 0.118645
5680.015137 0.000000 705.593933 0.000000 0.137903 0.000000 0.990446 0.136343 0.136343 0.136343
5685.610352 0.000000 713.305298 0.000000 0.834095 0.000000 0.551621 0.138551 0.138551 0.138551
5682.278320 0.000000 708.521423 0.000000 0.999362 0.000000 -0.035728 0.145263 0.145263 0.145263
5690.988770 0.000000 711.446594 0.000000 0.706490 0.000000 0.707723 0.134366 0.134366 0.134366
5683.409180 0.000000 703.298767 0.000000 0.449217 0.000000 0.893423 0.134590 0.134590 0.134590
5687.370605 0.000000 711.467896 0.000000 0.973768 0.000000 0.227542 0.142926 0.142926 0.142926
4874.448242 0.000000 1020.323669 0.000000 0.894731 0.000000 -0.446606 0.140415 0.140415 0.140415
4870.297363 0.000000 1018.066895 0.000000 0.985440 0.000000 -0.170022 0.138001 0.138001 0.138001
4866.759766 0.000000 1025.833374 0.000000 0.964647 0.000000 -0.263547 0.139550 0.139550 0.139550
4870.927734 0.000000 1023.066162 0.000000 0.984897 0.000000 0.173140 0.142066 0.142066 0.142066
4227.716309 0.000000 1735.637451 0.000000 0.829519 0.000000 -0.558478 0.126716 0.126716 0.126716
4406.469238 0.000000 1761.169678 0.000000 0.981562 0.000000 0.191145 0.144210 0.144210 0.144210
4411.279297 0.000000 1776.217163 0.000000 0.459264 0.000000 0.888300 0.141669 0.141669 0.141669
4408.357422 0.000000 1759.362549 0.000000 0.907612 0.000000 0.419810 0.144202 0.144202 0.144202
4408.956055 0.000000 1776.431396 0.000000 0.814534 0.000000 0.580116 0.144986 0.144986 0.144986
4406.075195 0.000000 1772.560669 0.000000 0.981197 0.000000 0.193008 0.148655 0.148655 0.148655
4413.359375 0.000000 1772.089233 0.000000 0.484182 0.000000 0.874967 0.151002 0.151002 0.151002
4415.211914 0.000000 1761.847412 0.000000 0.919645 0.000000 -0.392752 0.156608 0.156608 0.156608
4413.495117 0.000000 1770.175903 0.000000 0.876069 0.000000 -0.482185 0.163929 0.163929 0.163929
4418.492188 0.000000 1754.605225 0.000000 0.857149 0.000000 -0.515068 0.138479 0.138479 0.138479
4418.759766 0.000000 1760.130249 0.000000 0.953887 0.000000 -0.300166 0.150466 0.150466 0.150466
4416.668457 0.000000 1768.786011 0.000000 0.305478 0.000000 0.952199 0.146268 0.146268 0.146268
4502.343750 0.000000 1768.407837 0.000000 0.548513 0.000000 0.836142 0.130758 0.130758 0.130758
4507.921387 0.000000 1766.971313 0.000000 0.998997 0.000000 0.044781 0.139856 0.139856 0.139856
5737.206543 0.000000 1025.262451 0.000000 0.008946 0.000000 0.999960 0.116057 0.116057 0.116057
5730.074219 0.000000 1022.238525 0.000000 0.943955 0.000000 -0.330075 0.126834 0.126834 0.126834
4266.581543 0.000000 1826.304810 0.000000 0.967974 0.000000 -0.251052 0.123680 0.123680 0.123680
4261.084961 0.000000 1822.297607 0.000000 0.815235 0.000000 -0.579131 0.126815 0.126815 0.126815
4261.443359 0.000000 1827.302002 0.000000 0.349686 0.000000 0.936867 0.122258 0.122258 0.122258
4291.605469 0.000000 1887.260986 0.000000 0.940612 0.000000 0.339482 0.128539 0.128539 0.128539
4135.866699 0.000000 1962.172363 0.000000 0.920817 0.000000 -0.389996 0.124821 0.124821 0.124821
4157.935547 0.000000 1950.498779 0.000000 0.992735 0.000000 0.120320 0.128357 0.128357 0.128357
4148.392090 0.000000 1968.855469 0.000000 0.085042 0.000000 0.996377 0.129163 0.129163 0.129163
4156.341309 0.000000 1973.636597 0.000000 0.917727 0.000000 0.397212 0.137682 0.137682 0.137682
4167.693359 0.000000 1952.301270 0.000000 0.953358 0.000000 0.301841 0.130922 0.130922 0.130922
4217.426758 0.000000 1937.867676 0.000000 0.426420 0.000000 0.904525 0.119895 0.119895 0.119895
4161.602051 0.000000 1950.842041 0.000000 0.028088 0.000000 0.999605 0.125188 0.125188 0.125188
4189.536621 0.000000 1960.481934 0.000000 0.709827 0.000000 0.704376 0.140396 0.140396 0.140396
4186.132812 0.000000 1954.920532 0.000000 0.930524 0.000000 -0.366230 0.146263 0.146263 0.146263
4189.260254 0.000000 1954.738037 0.000000 0.997399 0.000000 -0.072079 0.142062 0.142062 0.142062
4180.724609 0.000000 1950.169189 0.000000 0.841931 0.000000 -0.539585 0.146590 0.146590 0.146590
4176.434082 0.000000 1950.529907 0.000000 0.909530 0.000000 -0.415639 0.147646 0.147646 0.147646
4188.691406 0.000000 1968.561035 0.000000 0.930270 0.000000 0.366875 0.140042 0.140042 0.140042
4175.784668 0.000000 1962.291382 0.000000 0.617058 0.000000 0.786918 0.141459 0.141459 0.141459
4185.450195 0.000000 1968.165527 0.000000 0.319600 0.000000 0.947552 0.145264 0.145264 0.145264
4183.825684 0.000000 1974.389160 0.000000 0.955333 0.000000 -0.295532 0.152705 0.152705 0.152705
4185.637695 0.000000 1957.166138 0.000000 0.999090 0.000000 -0.042646 0.149222 0.149222 0.149222
4185.195312 0.000000 1966.044556 0.000000 0.976157 0.000000 -0.217065 0.152878 0.152878 0.152878
4178.928223 0.000000 1961.373535 0.000000 0.955351 0.000000 -0.295472 0.160623 0.160623 0.160623
4175.347656 0.000000 1977.237183 0.000000 0.069105 0.000000 0.997609 0.120559 0.120559 0.120559
4161.476562 0.000000 1983.411865 0.000000 0.830283 0.000000 -0.557341 0.127281 0.127281 0.127281
4164.861816 0.000000 2004.907715 0.000000 0.141437 0.000000 0.989947 0.121387 0.121387 0.121387
4178.974121 0.000000 1978.356079 0.000000 0.085313 0.000000 0.996354 0.127563 0.127563 0.127563
4198.737793 0.000000 2015.431030 0.000000 0.541236 0.000000 0.840871 0.131264 0.131264 0.131264
4201.246582 0.000000 2025.264893 0.000000 0.698222 0.000000 0.715881 0.133223 0.133223 0.133223
4184.982910 0.000000 1980.827026 0.000000 0.678666 0.000000 0.734447 0.138561 0.138561 0.138561
4207.560547 0.000000 2019.716797 0.000000 0.170463 0.000000 0.985364 0.134887 0.134887 0.134887
4185.025879 0.000000 1977.201050 0.000000 0.520847 0.000000 0.853650 0.142541 0.142541 0.142541
4180.737793 0.000000 1976.956055 0.000000 0.924310 0.000000 0.381643 0.146056 0.146056 0.146056
4242.736816 0.000000 1970.589844 0.000000 0.846001 0.000000 -0.533181 0.124885 0.124885 0.124885
4269.233887 0.000000 1946.366089 0.000000 0.990806 0.000000 -0.135288 0.124344 0.124344 0.124344
4233.939941 0.000000 1935.757202 0.000000 0.993106 0.000000 -0.117221 0.146203 0.146203 0.146203
4241.653320 0.000000 1928.938110 0.000000 0.074141 0.000000 0.997248 0.132317 0.132317 0.132317
4242.867188 0.000000 1963.432617 0.000000 0.996573 0.000000 0.082715 0.135776 0.135776 0.135776
4265.246582 0.000000 1968.780518 0.000000 0.993657 0.000000 -0.112450 0.137185 0.137185 0.137185
4239.212891 0.000000 1932.922119 0.000000 0.210500 0.000000 0.977594 0.141503 0.141503 0.141503
4234.422852 0.000000 1944.216309 0.000000 0.999320 0.000000 -0.036870 0.151438 0.151438 0.151438
4246.909180 0.000000 1931.468628 0.000000 0.950470 0.000000 -0.310816 0.140333 0.140333 0.140333
4266.452148 0.000000 1955.402832 0.000000 0.809048 0.000000 0.587743 0.140000 0.140000 0.140000
4268.193359 0.000000 1941.413330 0.000000 0.674515 0.000000 0.738261 0.143444 0.143444 0.143444
4262.885742 0.000000 1964.630493 0.000000 0.268699 0.000000 0.963224 0.138563 0.138563 0.138563
4251.921387 0.000000 1936.424438 0.000000 0.974858 0.000000 -0.222828 0.145572 0.145572 0.145572
4269.602051 0.000000 1960.393677 0.000000 0.916455 0.000000 -0.400138 0.149270 0.149270 0.149270
4271.560547 0.000000 1963.232422 0.000000 0.879293 0.000000 0.476281 0.138394 0.138394 0.138394
4278.928223 0.000000 1937.353760 0.000000 0.840511 0.000000 -0.541795 0.145461 0.145461 0.145461
4257.496582 0.000000 1944.699463 0.000000 0.103582 0.000000 0.994621 0.134584 0.134584 0.134584
4270.630859 0.000000 1944.245361 0.000000 0.787288 0.000000 0.616585 0.143126 0.143126 0.143126
4243.150879 0.000000 1954.230347 0.000000 0.385854 0.000000 0.922560 0.149380 0.149380 0.149380
4287.545410 0.000000 1952.427856 0.000000 0.473839 0.000000 0.880611 0.145533 0.145533 0.145533
4287.940430 0.000000 1939.918213 0.000000 0.919691 0.000000 0.392643 0.142128 0.142128 0.142128
4241.307129 0.000000 1931.414673 0.000000 0.947009 0.000000 0.321208 0.141925 0.141925 0.141925
4259.024414 0.000000 1941.040894 0.000000 0.398158 0.000000 0.917317 0.139735 0.139735 0.139735
4237.917480 0.000000 1951.914917 0.000000 0.925126 0.000000 -0.379659 0.150867 0.150867 0.150867
4240.405273 0.000000 1958.023804 0.000000 0.134971 0.000000 0.990850 0.136865 0.136865 0.136865
4255.885254 0.000000 1939.658813 0.000000 0.968090 0.000000 -0.250603 0.146833 0.146833 0.146833
4267.827148 0.000000 1958.655518 0.000000 0.993429 0.000000 -0.114448 0.154062 0.154062 0.154062
4234.112305 0.000000 1938.622681 0.000000 0.868295 0.000000 -0.496047 0.154329 0.154329 0.154329
4271.774902 0.000000 1939.657349 0.000000 0.841159 0.000000 -0.540787 0.147737 0.147737 0.147737
4248.466797 0.000000 1946.992798 0.000000 0.592984 0.000000 0.805214 0.158711 0.158711 0.158711
4272.749512 0.000000 1943.076416 0.000000 0.876563 0.000000 -0.481287 0.157662 0.157662 0.157662
4248.281738 0.000000 1942.483887 0.000000 0.240885 0.000000 0.970554 0.152917 0.152917 0.152917
4276.127930 0.000000 1938.351196 0.000000 0.919110 0.000000 0.394001 0.147099 0.147099 0.147099
4286.808594 0.000000 1948.496216 0.000000 0.626274 0.000000 0.779603 0.154576 0.154576 0.154576
4235.945801 0.000000 1942.537231 0.000000 0.172556 0.000000 0.985000 0.145603 0.145603 0.145603
4248.739258 0.000000 1949.037964 0.000000 0.913557 0.000000 -0.406711 0.163496 0.163496 0.163496
4252.897949 0.000000 1942.107666 0.000000 0.813942 0.000000 -0.580946 0.158244 0.158244 0.158244
4274.491699 0.000000 1944.109009 0.000000 0.021266 0.000000 0.999774 0.151789 0.151789 0.151789
4238.324707 0.000000 1944.356689 0.000000 0.750701 0.000000 0.660642 0.154901 0.154901 0.154901
4241.646484 0.000000 1939.793579 0.000000 0.252113 0.000000 0.967698 0.150829 0.150829 0.150829
4246.347168 0.000000 1943.112427 0.000000 0.694197 0.000000 0.719785 0.157218 0.157218 0.157218
4238.008789 0.000000 1940.213867 0.000000 0.918448 0.000000 -0.395543 0.159461 0.159461 0.159461
4237.989746 0.000000 1947.383179 0.000000 0.101890 0.000000 0.994796 0.146325 0.146325 0.146325
4239.814941 0.000000 1941.100708 0.000000 0.999248 0.000000 -0.038785 0.157617 0.157617 0.157617
4276.948730 0.000000 1947.194824 0.000000 0.596059 0.000000 0.802941 0.156013 0.156013 0.156013
4263.873535 0.000000 1957.256226 0.000000 0.953002 0.000000 -0.302964 0.160662 0.160662 0.160662
4278.093750 0.000000 1944.736084 0.000000 0.939370 0.000000 -0.342904 0.165974 0.165974 0.165974
4288.290527 0.000000 1954.833862 0.000000 0.358518 0.000000 0.933523 0.127684 0.127684 0.127684
4291.605469 0.000000 1943.745361 0.000000 0.069280 0.000000 0.997597 0.123760 0.123760 0.123760
4304.434082 0.000000 1950.529907 0.000000 0.541290 0.000000 0.840836 0.137773 0.137773 0.137773
4288.010254 0.000000 1949.155029 0.000000 0.881632 0.000000 -0.471937 0.147937 0.147937 0.147937
4281.915527 0.000000 1987.667847 0.000000 0.359915 0.000000 0.932985 0.120686 0.120686 0.120686
4261.443359 0.000000 1996.755127 0.000000 0.978327 0.000000 -0.207066 0.128015 0.128015 0.128015
4259.530762 0.000000 2140.510498 0.000000 0.977629 0.000000 0.210338 0.124087 0.124087 0.124087
4571.974121 0.000000 2065.166992 0.000000 0.822534 0.000000 -0.568716 0.128478 0.128478 0.128478
4569.268555 0.000000 2219.299805 0.000000 0.706219 0.000000 0.707993 0.120709 0.120709 0.120709
4558.124512 0.000000 2231.899414 0.000000 0.463674 0.000000 0.886006 0.120060 0.120060 0.120060
4562.409180 0.000000 2231.300049 0.000000 1.000000 0.000000 -0.000699 0.128294 0.128294 0.128294
4567.828125 0.000000 2227.067383 0.000000 0.456887 0.000000 0.889525 0.127058 0.127058 0.127058
4647.866699 0.000000 1962.172363 0.000000 0.982453 0.000000 -0.186513 0.123985 0.123985 0.123985
4749.152832 0.000000 1965.699829 0.000000 0.897192 0.000000 -0.441641 0.139253 0.139253 0.139253
4747.713867 0.000000 1958.471924 0.000000 0.871301 0.000000 -0.490750 0.153161 0.153161 0.153161
4738.892090 0.000000 1958.670044 0.000000 0.902171 0.000000 -0.431378 0.142613 0.142613 0.142613
4739.167969 0.000000 1964.421387 0.000000 0.907978 0.000000 0.419017 0.134813 0.134813 0.134813
4746.422852 0.000000 1944.216309 0.000000 0.198739 0.000000 0.980053 0.132874 0.132874 0.132874
4750.569336 0.000000 1954.237549 0.000000 0.999861 0.000000 0.016665 0.150620 0.150620 0.150620
4756.724609 0.000000 1950.169189 0.000000 0.998982 0.000000 -0.045120 0.139135 0.139135 0.139135
4743.173340 0.000000 1949.675415 0.000000 0.925051 0.000000 0.379842 0.142192 0.142192 0.142192
4738.786133 0.000000 1955.369385 0.000000 0.528895 0.000000 0.848687 0.136080 0.136080 0.136080
4752.434082 0.000000 1950.529907 0.000000 0.902059 0.000000 -0.431614 0.148864 0.148864 0.148864
4752.687988 0.000000 1955.653931 0.000000 0.983795 0.000000 0.179296 0.147050 0.147050 0.147050
4743.852051 0.000000 1957.646240 0.000000 0.993451 0.000000 -0.114258 0.150125 0.150125 0.150125
4752.405273 0.000000 1958.023804 0.000000 0.892960 0.000000 -0.450136 0.145549 0.145549 0.145549
4745.640137 0.000000 1953.695801 0.000000 0.342638 0.000000 0.939468 0.145920 0.145920 0.145920
4747.910645 0.000000 1948.151733 0.000000 0.998700 0.000000 0.050965 0.148218 0.148218 0.148218
4750.486328 0.000000 1959.150513 0.000000 0.269775 0.000000 0.962923 0.140716 0.140716 0.140716
4747.567871 0.000000 1960.622070 0.000000 0.995326 0.000000 -0.096567 0.148354 0.148354 0.148354
4745.114258 0.000000 1950.582520 0.000000 0.861779 0.000000 -0.507283 0.152683 0.152683 0.152683
4966.192871 0.000000 1982.660034 0.000000 0.979879 0.000000 -0.199593 0.130240 0.130240 0.130240
4999.290527 0.000000 1963.313843 0.000000 0.945101 0.000000 0.326779 0.129149 0.129149 0.129149
4622.146973 0.000000 2224.744141 0.000000 0.868272 0.000000 0.496089 0.122866 0.122866 0.122866
4625.626465 0.000000 2208.100098 0.000000 0.981667 0.000000 -0.190603 0.127384 0.127384 0.127384
4791.010742 0.000000 2201.359131 0.000000 0.880561 0.000000 -0.473934 0.133722 0.133722 0.133722
4781.901367 0.000000 2203.844971 0.000000 0.968271 0.000000 0.249902 0.122258 0.122258 0.122258
4436.950195 0.000000 2268.544189 0.000000 0.778064 0.000000 0.628185 0.120037 0.120037 0.120037
4479.419434 0.000000 2507.184570 0.000000 0.628788 0.000000 0.777577 0.120299 0.120299 0.120299
4480.315430 0.000000 2511.738037 0.000000 0.868229 0.000000 -0.496164 0.126425 0.126425 0.126425
4407.879395 0.000000 2641.476074 0.000000 0.912989 0.000000 0.407985 0.134866 0.134866 0.134866
4419.716309 0.000000 2639.387451 0.000000 0.973192 0.000000 -0.229995 0.125288 0.125288 0.125288
5120.173340 0.000000 1978.777710 0.000000 0.150388 0.000000 0.988627 0.124098 0.124098 0.124098
5190.798828 0.000000 2104.188965 0.000000 0.945433 0.000000 0.325816 0.131925 0.131925 0.131925
4999.650879 0.000000 3067.643555 0.000000 0.944162 0.000000 0.329482 0.124149 0.124149 0.124149
5010.409180 0.000000 3078.565674 0.000000 0.854092 0.000000 -0.520122 0.130525 0.130525 0.130525
5767.693359 0.000000 2856.051270 0.000000 0.604810 0.000000 0.796370 0.120179 0.120179 0.120179
5847.538086 0.000000 3255.896240 0.000000 0.904724 0.000000 -0.425999 0.130088 0.130088 0.130088
6377.396484 0.000000 2612.040039 0.000000 0.999022 0.000000 -0.044206 0.128472 0.128472 0.128472
7487.419434 0.000000 2224.762695 0.000000 0.735006 0.000000 0.678061 0.120326 0.120326 0.120326
6198.872070 0.000000 3322.428223 0.000000 0.929905 0.000000 0.367799 0.123986 0.123986 0.123986
"}
object={
	name="bush_01_generator_1_1"
	clamp_to_water_level=no
	render_under_water=no
	generated_content=yes
	layer="semidynamic_medium"
	pdxmesh="tree_bush_02_mesh"
	count=199
	transform="867.530884 0.000000 897.854187 0.000000 0.637634 0.000000 -0.770340 0.125547 0.125547 0.125547
853.435974 0.000000 898.563599 0.000000 0.713475 0.000000 -0.700681 0.140073 0.140073 0.140073
2036.885132 0.000000 673.079224 0.000000 0.212178 0.000000 -0.977231 0.129157 0.129157 0.129157
2042.085693 0.000000 668.486755 0.000000 0.483332 0.000000 -0.875437 0.148865 0.148865 0.148865
2044.370483 0.000000 667.224792 0.000000 0.011736 0.000000 -0.999931 0.158179 0.158179 0.158179
2041.397339 0.000000 659.478455 0.000000 0.784451 0.000000 -0.620191 0.150476 0.150476 0.150476
2048.956543 0.000000 662.447998 0.000000 0.585107 0.000000 -0.810956 0.163316 0.163316 0.163316
2055.852051 0.000000 658.505615 0.000000 0.156238 0.000000 -0.987719 0.155141 0.155141 0.155141
2049.278564 0.000000 667.203369 0.000000 0.650146 0.000000 -0.759810 0.154840 0.154840 0.154840
2049.729736 0.000000 653.920410 0.000000 0.730616 0.000000 -0.682789 0.152011 0.152011 0.152011
2738.281250 0.000000 1624.631714 0.000000 0.106812 0.000000 -0.994279 0.127819 0.127819 0.127819
563.521606 0.000000 2739.258789 0.000000 0.778928 0.000000 -0.627113 0.129915 0.129915 0.129915
572.718933 0.000000 2752.481445 0.000000 0.309383 0.000000 -0.950937 0.151483 0.151483 0.151483
570.107361 0.000000 2766.450439 0.000000 0.384134 0.000000 -0.923277 0.155763 0.155763 0.155763
565.008667 0.000000 2755.471924 0.000000 0.229599 0.000000 -0.973285 0.154204 0.154204 0.154204
574.888184 0.000000 2747.875000 0.000000 0.520195 0.000000 -0.854048 0.145198 0.145198 0.145198
563.473267 0.000000 2751.627930 0.000000 0.432967 0.000000 -0.901410 0.150285 0.150285 0.150285
572.370483 0.000000 2757.146729 0.000000 0.231850 0.000000 -0.972752 0.152440 0.152440 0.152440
571.060547 0.000000 2753.842285 0.000000 0.133466 0.000000 -0.991053 0.155250 0.155250 0.155250
572.365784 0.000000 2770.462158 0.000000 0.444711 0.000000 -0.895674 0.156605 0.156605 0.156605
564.340637 0.000000 2768.070557 0.000000 0.184888 0.000000 -0.982760 0.152664 0.152664 0.152664
571.206482 0.000000 2797.715088 0.000000 0.789919 0.000000 -0.613211 0.146431 0.146431 0.146431
571.279419 0.000000 2792.935791 0.000000 0.544931 0.000000 -0.838481 0.154893 0.154893 0.154893
566.928284 0.000000 2784.619385 0.000000 0.407575 0.000000 -0.913172 0.162029 0.162029 0.162029
569.682983 0.000000 2769.890137 0.000000 0.406432 0.000000 -0.913681 0.157970 0.157970 0.157970
569.361084 0.000000 2780.523682 0.000000 0.629567 0.000000 -0.776946 0.163610 0.163610 0.163610
565.305115 0.000000 2781.385254 0.000000 0.179445 0.000000 -0.983768 0.159710 0.159710 0.159710
572.870789 0.000000 2775.126953 0.000000 0.039820 0.000000 -0.999207 0.162744 0.162744 0.162744
567.475952 0.000000 2779.629639 0.000000 0.060177 0.000000 -0.998188 0.164405 0.164405 0.164405
603.974304 0.000000 2799.463867 0.000000 0.212249 0.000000 -0.977216 0.132664 0.132664 0.132664
592.913574 0.000000 2800.304443 0.000000 0.337043 0.000000 -0.941489 0.133302 0.133302 0.133302
651.443420 0.000000 2854.205811 0.000000 0.718222 0.000000 -0.695814 0.144061 0.144061 0.144061
661.228027 0.000000 2862.123779 0.000000 0.592626 0.000000 -0.805477 0.141923 0.141923 0.141923
640.956543 0.000000 2865.338623 0.000000 0.675839 0.000000 -0.737049 0.149500 0.149500 0.149500
656.687988 0.000000 2859.403809 0.000000 0.620933 0.000000 -0.783864 0.146954 0.146954 0.146954
649.640015 0.000000 2857.445801 0.000000 0.145243 0.000000 -0.989396 0.151680 0.151680 0.151680
652.076904 0.000000 2859.529297 0.000000 0.320799 0.000000 -0.947147 0.153174 0.153174 0.153174
649.185303 0.000000 2867.753906 0.000000 0.339234 0.000000 -0.940702 0.160067 0.160067 0.160067
779.443420 0.000000 2854.205811 0.000000 0.739691 0.000000 -0.672946 0.143347 0.143347 0.143347
777.640015 0.000000 2857.445801 0.000000 0.667005 0.000000 -0.745054 0.151281 0.151281 0.151281
771.834534 0.000000 2880.705566 0.000000 0.479468 0.000000 -0.877560 0.126291 0.126291 0.126291
1103.347534 0.000000 2711.534180 0.000000 0.073870 0.000000 -0.997268 0.128535 0.128535 0.128535
2495.450684 0.000000 1984.882446 0.000000 0.666285 0.000000 -0.745697 0.150711 0.150711 0.150711
2500.014893 0.000000 1983.040161 0.000000 0.455563 0.000000 -0.890204 0.145530 0.145530 0.145530
2496.974365 0.000000 1989.660889 0.000000 0.714222 0.000000 -0.699919 0.149253 0.149253 0.149253
3500.084717 0.000000 2007.696899 0.000000 0.180162 0.000000 -0.983637 0.173746 0.173746 0.173746
3495.443848 0.000000 1988.242554 0.000000 0.410353 0.000000 -0.911927 0.139367 0.139367 0.139367
3494.737793 0.000000 2015.431030 0.000000 0.691009 0.000000 -0.722846 0.158024 0.158024 0.158024
3478.343750 0.000000 1994.345337 0.000000 0.385295 0.000000 -0.922793 0.143552 0.143552 0.143552
3486.841064 0.000000 2008.585327 0.000000 0.224513 0.000000 -0.974471 0.176428 0.176428 0.176428
3498.451904 0.000000 2011.887207 0.000000 0.347006 0.000000 -0.937863 0.169919 0.169919 0.169919
3494.386963 0.000000 1999.301270 0.000000 0.587277 0.000000 -0.809386 0.176575 0.176575 0.176575
3476.724609 0.000000 2006.653564 0.000000 0.616225 0.000000 -0.787570 0.152168 0.152168 0.152168
3502.630859 0.000000 2000.729736 0.000000 0.158717 0.000000 -0.987324 0.165081 0.165081 0.165081
3490.441895 0.000000 2010.916504 0.000000 0.782898 0.000000 -0.622151 0.171087 0.171087 0.171087
3492.534668 0.000000 1994.131226 0.000000 0.660079 0.000000 -0.751196 0.164559 0.164559 0.164559
3480.755615 0.000000 1996.302368 0.000000 0.588368 0.000000 -0.808594 0.154064 0.154064 0.154064
3486.667969 0.000000 2013.334473 0.000000 0.650371 0.000000 -0.759617 0.161170 0.161170 0.161170
3487.885010 0.000000 1996.143188 0.000000 0.276051 0.000000 -0.961143 0.169725 0.169725 0.169725
3503.221924 0.000000 2010.251709 0.000000 0.305137 0.000000 -0.952308 0.161992 0.161992 0.161992
3504.749756 0.000000 1999.560791 0.000000 0.477546 0.000000 -0.878607 0.152371 0.152371 0.152371
3491.886963 0.000000 2007.577637 0.000000 0.024309 0.000000 -0.999704 0.186333 0.186333 0.186333
3490.304199 0.000000 1993.052979 0.000000 0.800956 0.000000 -0.598723 0.154923 0.154923 0.154923
3500.435303 0.000000 2012.928223 0.000000 0.642457 0.000000 -0.766321 0.158919 0.158919 0.158919
3480.281738 0.000000 1998.968262 0.000000 0.554645 0.000000 -0.832087 0.159459 0.159459 0.159459
3478.646240 0.000000 2007.618896 0.000000 0.285211 0.000000 -0.958465 0.160346 0.160346 0.160346
3487.429199 0.000000 2000.881226 0.000000 0.786832 0.000000 -0.617167 0.176202 0.176202 0.176202
3505.077393 0.000000 2009.341064 0.000000 0.262290 0.000000 -0.964989 0.159296 0.159296 0.159296
3484.897705 0.000000 1998.592041 0.000000 0.533084 0.000000 -0.846062 0.169994 0.169994 0.169994
3492.267090 0.000000 2001.843872 0.000000 0.472625 0.000000 -0.881263 0.183108 0.183108 0.183108
3501.659912 0.000000 2008.903442 0.000000 0.145340 0.000000 -0.989382 0.171591 0.171591 0.171591
3488.410645 0.000000 1994.322632 0.000000 0.762404 0.000000 -0.647101 0.162095 0.162095 0.162095
3489.555908 0.000000 2003.627441 0.000000 0.681437 0.000000 -0.731877 0.182232 0.182232 0.182232
3484.327393 0.000000 2004.771729 0.000000 0.120736 0.000000 -0.992685 0.179340 0.179340 0.179340
3497.985107 0.000000 1997.889771 0.000000 0.666493 0.000000 -0.745512 0.167966 0.167966 0.167966
3499.434082 0.000000 2006.043213 0.000000 0.360445 0.000000 -0.932780 0.177406 0.177406 0.177406
3498.287842 0.000000 2007.635376 0.000000 0.147744 0.000000 -0.989026 0.178605 0.178605 0.178605
3486.555908 0.000000 1999.290649 0.000000 0.571835 0.000000 -0.820369 0.173791 0.173791 0.173791
3489.168701 0.000000 1997.245361 0.000000 0.341494 0.000000 -0.939884 0.172278 0.172278 0.172278
3486.632324 0.000000 2004.263306 0.000000 0.264195 0.000000 -0.964469 0.182625 0.182625 0.182625
3501.740479 0.000000 2007.162354 0.000000 0.540384 0.000000 -0.841419 0.171682 0.171682 0.171682
3493.219971 0.000000 2000.532593 0.000000 0.757305 0.000000 -0.653062 0.181041 0.181041 0.181041
3490.717041 0.000000 2002.316162 0.000000 0.576814 0.000000 -0.816876 0.184727 0.184727 0.184727
3496.266113 0.000000 2005.716553 0.000000 0.685453 0.000000 -0.728117 0.180477 0.180477 0.180477
3493.208008 0.000000 2002.992432 0.000000 0.065753 0.000000 -0.997836 0.188447 0.188447 0.188447
3766.803467 0.000000 1979.019287 0.000000 0.788918 0.000000 -0.614498 0.124701 0.124701 0.124701
4023.879395 0.000000 1963.663574 0.000000 0.434714 0.000000 -0.900569 0.149696 0.149696 0.149696
4023.341309 0.000000 1971.760742 0.000000 0.594545 0.000000 -0.804063 0.159219 0.159219 0.159219
4002.074463 0.000000 1982.472900 0.000000 0.531861 0.000000 -0.846831 0.129525 0.129525 0.129525
4005.443359 0.000000 1996.755127 0.000000 0.373913 0.000000 -0.927464 0.131397 0.131397 0.131397
3990.690430 0.000000 2004.970093 0.000000 0.598422 0.000000 -0.801181 0.132663 0.132663 0.132663
3999.822266 0.000000 2003.014282 0.000000 0.471768 0.000000 -0.881723 0.135018 0.135018 0.135018
3997.234619 0.000000 2000.661865 0.000000 0.011994 0.000000 -0.999928 0.139949 0.139949 0.139949
4013.456787 0.000000 1981.166626 0.000000 0.013561 0.000000 -0.999908 0.139942 0.139942 0.139942
4020.340576 0.000000 1977.289185 0.000000 0.438158 0.000000 -0.898898 0.152579 0.152579 0.152579
4020.968994 0.000000 1981.311035 0.000000 0.363365 0.000000 -0.931647 0.143075 0.143075 0.143075
4079.961914 0.000000 2088.697510 0.000000 0.402947 0.000000 -0.915223 0.145210 0.145210 0.145210
4078.584229 0.000000 2082.218018 0.000000 0.801967 0.000000 -0.597369 0.151485 0.151485 0.151485
4076.263184 0.000000 2083.612549 0.000000 0.659584 0.000000 -0.751630 0.150752 0.150752 0.150752
4076.874023 0.000000 2078.426758 0.000000 0.147707 0.000000 -0.989031 0.151083 0.151083 0.151083
3250.616699 0.000000 2418.396973 0.000000 0.784673 0.000000 -0.619909 0.152763 0.152763 0.152763
3253.008789 0.000000 2416.565674 0.000000 0.254668 0.000000 -0.967029 0.157584 0.157584 0.157584
3262.830811 0.000000 2419.578857 0.000000 0.074379 0.000000 -0.997230 0.159052 0.159052 0.159052
3258.085693 0.000000 2419.502441 0.000000 0.210449 0.000000 -0.977605 0.161894 0.161894 0.161894
3251.473145 0.000000 2412.721680 0.000000 0.157500 0.000000 -0.987519 0.149281 0.149281 0.149281
3259.743408 0.000000 2423.071289 0.000000 0.805434 0.000000 -0.592685 0.157744 0.157744 0.157744
3255.341309 0.000000 2423.635742 0.000000 0.704977 0.000000 -0.709230 0.154482 0.154482 0.154482
3270.114014 0.000000 2411.302246 0.000000 0.798681 0.000000 -0.601755 0.138932 0.138932 0.138932
3267.168213 0.000000 2416.296387 0.000000 0.702913 0.000000 -0.711276 0.149901 0.149901 0.149901
3265.278564 0.000000 2418.218994 0.000000 0.421920 0.000000 -0.906633 0.154985 0.154985 0.154985
3163.974365 0.000000 2517.041992 0.000000 0.448191 0.000000 -0.893938 0.130488 0.130488 0.130488
3238.465332 0.000000 2566.894531 0.000000 0.553000 0.000000 -0.833182 0.128846 0.128846 0.128846
3248.015381 0.000000 2569.578369 0.000000 0.115397 0.000000 -0.993319 0.142440 0.142440 0.142440
3242.622314 0.000000 2652.306396 0.000000 0.717414 0.000000 -0.696647 0.143492 0.143492 0.143492
3270.656738 0.000000 2647.099121 0.000000 0.278880 0.000000 -0.960326 0.141133 0.141133 0.141133
3243.551025 0.000000 2661.565430 0.000000 0.606432 0.000000 -0.795136 0.145307 0.145307 0.145307
3247.681152 0.000000 2657.667480 0.000000 0.489700 0.000000 -0.871891 0.146515 0.146515 0.146515
3542.003418 0.000000 2555.499268 0.000000 0.350260 0.000000 -0.936653 0.134408 0.134408 0.134408
2183.693115 0.000000 2969.020020 0.000000 0.479846 0.000000 -0.877353 0.128028 0.128028 0.128028
5594.771973 0.000000 614.754028 0.000000 0.178202 0.000000 -0.983994 0.138070 0.138070 0.138070
5594.132812 0.000000 599.295593 0.000000 0.153939 0.000000 -0.988080 0.143442 0.143442 0.143442
5601.496582 0.000000 589.074524 0.000000 0.070098 0.000000 -0.997540 0.148507 0.148507 0.148507
5607.437012 0.000000 592.225647 0.000000 0.544088 0.000000 -0.839028 0.152586 0.152586 0.152586
5676.084473 0.000000 708.556274 0.000000 0.417176 0.000000 -0.908826 0.142238 0.142238 0.142238
4872.260254 0.000000 1025.724365 0.000000 0.417886 0.000000 -0.908500 0.145137 0.145137 0.145137
4868.015137 0.000000 1022.805847 0.000000 0.407853 0.000000 -0.913048 0.145767 0.145767 0.145767
4410.815430 0.000000 1758.584717 0.000000 0.133112 0.000000 -0.991101 0.155251 0.155251 0.155251
4402.335449 0.000000 1771.908691 0.000000 0.379970 0.000000 -0.924999 0.140671 0.140671 0.140671
4406.928223 0.000000 1767.900635 0.000000 0.075559 0.000000 -0.997141 0.157286 0.157286 0.157286
4409.789062 0.000000 1770.377441 0.000000 0.484359 0.000000 -0.874869 0.161602 0.161602 0.161602
4411.325195 0.000000 1763.130981 0.000000 0.320795 0.000000 -0.947149 0.162493 0.162493 0.162493
4425.453613 0.000000 1757.334961 0.000000 0.324480 0.000000 -0.945892 0.129862 0.129862 0.129862
4416.205078 0.000000 1773.434326 0.000000 0.009159 0.000000 -0.999958 0.141725 0.141725 0.141725
4418.523438 0.000000 1765.430542 0.000000 0.675629 0.000000 -0.737242 0.152377 0.152377 0.152377
4512.264648 0.000000 1772.884155 0.000000 0.769208 0.000000 -0.638999 0.124824 0.124824 0.124824
4507.116211 0.000000 1769.490845 0.000000 0.497389 0.000000 -0.867528 0.143001 0.143001 0.143001
5741.901367 0.000000 1017.673157 0.000000 0.512505 0.000000 -0.858684 0.127879 0.127879 0.127879
5734.270996 0.000000 1018.125671 0.000000 0.062426 0.000000 -0.998050 0.129754 0.129754 0.129754
4173.066406 0.000000 1973.684937 0.000000 0.762589 0.000000 -0.646884 0.130591 0.130591 0.130591
4177.114746 0.000000 1975.028564 0.000000 0.292835 0.000000 -0.956163 0.152729 0.152729 0.152729
4189.075684 0.000000 1972.868896 0.000000 0.769052 0.000000 -0.639186 0.143147 0.143147 0.143147
4190.662598 0.000000 1966.659180 0.000000 0.401182 0.000000 -0.915998 0.142314 0.142314 0.142314
4188.116211 0.000000 1975.884399 0.000000 0.034659 0.000000 -0.999399 0.146317 0.146317 0.146317
4190.841309 0.000000 1952.100952 0.000000 0.065271 0.000000 -0.997868 0.143245 0.143245 0.143245
4185.164062 0.000000 1976.328125 0.000000 0.585121 0.000000 -0.810946 0.151775 0.151775 0.151775
4174.569336 0.000000 1954.237549 0.000000 0.370285 0.000000 -0.928918 0.156416 0.156416 0.156416
4186.516602 0.000000 1959.247681 0.000000 0.385938 0.000000 -0.922525 0.152266 0.152266 0.152266
4183.931152 0.000000 1972.186035 0.000000 0.147029 0.000000 -0.989132 0.159870 0.159870 0.159870
4173.917480 0.000000 1951.914917 0.000000 0.500305 0.000000 -0.865849 0.148775 0.148775 0.148775
4186.280762 0.000000 1964.315063 0.000000 0.244318 0.000000 -0.969695 0.153548 0.153548 0.153548
4172.076660 0.000000 1955.779175 0.000000 0.370842 0.000000 -0.928696 0.151180 0.151180 0.151180
4174.486328 0.000000 1959.150513 0.000000 0.366446 0.000000 -0.930439 0.155272 0.155272 0.155272
4179.139160 0.000000 1968.132446 0.000000 0.530504 0.000000 -0.847682 0.164227 0.164227 0.164227
4169.424316 0.000000 2004.826904 0.000000 0.478528 0.000000 -0.878073 0.132668 0.132668 0.132668
4160.173340 0.000000 1978.777710 0.000000 0.661455 0.000000 -0.749985 0.133480 0.133480 0.133480
4210.616699 0.000000 2023.006348 0.000000 0.243700 0.000000 -0.969851 0.145961 0.145961 0.145961
4213.008789 0.000000 2021.174927 0.000000 0.374864 0.000000 -0.927080 0.142439 0.142439 0.142439
4270.444824 0.000000 1971.830933 0.000000 0.198595 0.000000 -0.980082 0.137397 0.137397 0.137397
4236.396484 0.000000 1932.976562 0.000000 0.053788 0.000000 -0.998552 0.154454 0.154454 0.154454
4236.424805 0.000000 1938.888550 0.000000 0.753390 0.000000 -0.657573 0.158727 0.158727 0.158727
4267.534668 0.000000 1936.458496 0.000000 0.698110 0.000000 -0.715990 0.140742 0.140742 0.140742
4275.409180 0.000000 1945.954956 0.000000 0.669039 0.000000 -0.743228 0.163922 0.163922 0.163922
4253.193848 0.000000 1946.679932 0.000000 0.439289 0.000000 -0.898346 0.156634 0.156634 0.156634
4235.910645 0.000000 1948.151733 0.000000 0.722970 0.000000 -0.690879 0.149768 0.149768 0.149768
4232.162109 0.000000 1940.189575 0.000000 0.320563 0.000000 -0.947227 0.154923 0.154923 0.154923
4261.593262 0.000000 1962.679443 0.000000 0.198943 0.000000 -0.980011 0.153767 0.153767 0.153767
4232.383301 0.000000 1942.332520 0.000000 0.730116 0.000000 -0.683323 0.151441 0.151441 0.151441
4245.939941 0.000000 1945.802124 0.000000 0.467476 0.000000 -0.884006 0.169232 0.169232 0.169232
4276.288574 0.000000 1941.298828 0.000000 0.410979 0.000000 -0.911645 0.160849 0.160849 0.160849
4279.775879 0.000000 1948.193726 0.000000 0.276099 0.000000 -0.961129 0.166809 0.166809 0.166809
4304.003418 0.000000 1947.771484 0.000000 0.692685 0.000000 -0.721241 0.145946 0.145946 0.145946
4289.439453 0.000000 1944.848145 0.000000 0.381630 0.000000 -0.924315 0.152288 0.152288 0.152288
4258.139648 0.000000 1978.679443 0.000000 0.427311 0.000000 -0.904105 0.135805 0.135805 0.135805
4262.658203 0.000000 1985.174072 0.000000 0.740569 0.000000 -0.671980 0.143341 0.143341 0.143341
4638.662598 0.000000 1966.659180 0.000000 0.185036 0.000000 -0.982732 0.141550 0.141550 0.141550
4733.733887 0.000000 1954.678955 0.000000 0.007852 0.000000 -0.999969 0.128793 0.128793 0.128793
4742.113770 0.000000 1959.427246 0.000000 0.458011 0.000000 -0.888947 0.154214 0.154214 0.154214
4747.443359 0.000000 1950.455811 0.000000 0.591748 0.000000 -0.806123 0.155775 0.155775 0.155775
4743.290527 0.000000 1955.141113 0.000000 0.579909 0.000000 -0.814681 0.154691 0.154691 0.154691
4755.150879 0.000000 1954.230347 0.000000 0.162185 0.000000 -0.986760 0.149845 0.149845 0.149845
4752.003418 0.000000 1947.771484 0.000000 0.328903 0.000000 -0.944364 0.147312 0.147312 0.147312
4749.917480 0.000000 1951.914917 0.000000 0.794778 0.000000 -0.606900 0.154400 0.154400 0.154400
4748.076660 0.000000 1955.779175 0.000000 0.609100 0.000000 -0.793093 0.157400 0.157400 0.157400
4803.834473 0.000000 2202.893066 0.000000 0.339833 0.000000 -0.940486 0.126887 0.126887 0.126887
4405.008789 0.000000 2642.503174 0.000000 0.651057 0.000000 -0.759029 0.140445 0.140445 0.140445
4410.085938 0.000000 2645.439941 0.000000 0.678902 0.000000 -0.734229 0.145457 0.145457 0.145457
4416.390625 0.000000 2641.831299 0.000000 0.567403 0.000000 -0.823440 0.133974 0.133974 0.133974
5178.165039 0.000000 2112.472656 0.000000 0.663581 0.000000 -0.748104 0.130017 0.130017 0.130017
5191.693359 0.000000 2121.754395 0.000000 0.293149 0.000000 -0.956067 0.129410 0.129410 0.129410
5495.010742 0.000000 2427.296631 0.000000 0.430382 0.000000 -0.902647 0.136371 0.136371 0.136371
5507.834473 0.000000 2428.830566 0.000000 0.291160 0.000000 -0.956674 0.127087 0.127087 0.127087
5013.428223 0.000000 3082.503906 0.000000 0.501230 0.000000 -0.865314 0.128510 0.128510 0.128510
5769.424316 0.000000 2852.092529 0.000000 0.065484 0.000000 -0.997854 0.134438 0.134438 0.134438
5950.127441 0.000000 2898.143066 0.000000 0.409717 0.000000 -0.912212 0.132982 0.132982 0.132982
5941.757812 0.000000 2900.067871 0.000000 0.035177 0.000000 -0.999381 0.136325 0.136325 0.136325
5842.736816 0.000000 3269.730469 0.000000 0.759186 0.000000 -0.650874 0.124884 0.124884 0.124884
5845.428223 0.000000 3251.957031 0.000000 0.789271 0.000000 -0.614046 0.126415 0.126415 0.126415
6389.757812 0.000000 2617.645996 0.000000 0.426284 0.000000 -0.904589 0.134649 0.134649 0.134649
6201.729980 0.000000 3316.883301 0.000000 0.772411 0.000000 -0.635123 0.126522 0.126522 0.126522
"}
