object={
	name="cypress_dense_generator_2_0"
	clamp_to_water_level=no
	render_under_water=no
	generated_content=yes
	layer="semidynamic_medium"
	pdxmesh="tree_cypress_001_mesh"
	count=79
	transform="4657.258789 0.000000 1788.472656 0.000000 0.855562 0.000000 0.517701 0.234635 0.234635 0.234635
4667.649902 0.000000 1805.969482 0.000000 0.280969 0.000000 0.959717 0.246838 0.246838 0.246838
4656.308105 0.000000 1804.879395 0.000000 0.988538 0.000000 0.150972 0.286963 0.286963 0.286963
4655.430664 0.000000 1795.150757 0.000000 0.373570 0.000000 0.927602 0.287494 0.287494 0.287494
4657.428223 0.000000 1800.950806 0.000000 0.722411 0.000000 0.691464 0.312066 0.312066 0.312066
4652.084473 0.000000 1838.243774 0.000000 0.870402 0.000000 0.492342 0.196626 0.196626 0.196626
4651.534668 0.000000 1823.489746 0.000000 0.917511 0.000000 0.397711 0.198711 0.198711 0.198711
4651.550781 0.000000 1814.299805 0.000000 0.998419 0.000000 0.056205 0.218883 0.218883 0.218883
4651.597168 0.000000 1809.524536 0.000000 0.232116 0.000000 0.972688 0.200685 0.200685 0.200685
4660.116699 0.000000 1809.830933 0.000000 0.047519 0.000000 0.998870 0.234344 0.234344 0.234344
4655.143066 0.000000 1833.177490 0.000000 0.494813 0.000000 0.869000 0.272293 0.272293 0.272293
4653.746094 0.000000 1827.635986 0.000000 0.095354 0.000000 0.995443 0.276061 0.276061 0.276061
4657.404785 0.000000 1826.958130 0.000000 0.202680 0.000000 0.979245 0.232664 0.232664 0.232664
4653.450195 0.000000 1810.019409 0.000000 0.019427 0.000000 0.999811 0.230835 0.230835 0.230835
4652.377930 0.000000 1807.996216 0.000000 0.261930 0.000000 0.965087 0.260379 0.260379 0.260379
4652.925781 0.000000 1824.067383 0.000000 0.092288 0.000000 0.995732 0.252939 0.252939 0.252939
4654.218262 0.000000 1826.376465 0.000000 0.170524 0.000000 0.985354 0.288483 0.288483 0.288483
4653.605469 0.000000 1828.715454 0.000000 0.960578 0.000000 0.278012 0.368028 0.368028 0.368028
4697.924805 0.000000 1860.740479 0.000000 0.742450 0.000000 0.669901 0.194869 0.194869 0.194869
4701.075684 0.000000 1859.900146 0.000000 0.779649 0.000000 0.626217 0.194038 0.194038 0.194038
4702.662598 0.000000 1853.690430 0.000000 0.856170 0.000000 0.516694 0.194849 0.194849 0.194849
4710.737793 0.000000 1845.977905 0.000000 0.649393 0.000000 0.760453 0.198005 0.198005 0.198005
4714.452148 0.000000 1842.434082 0.000000 0.699351 0.000000 0.714779 0.199703 0.199703 0.199703
4703.881836 0.000000 1866.633789 0.000000 0.144880 0.000000 0.989449 0.201243 0.201243 0.201243
4699.828125 0.000000 1868.023560 0.000000 0.891789 0.000000 0.452452 0.215608 0.215608 0.215608
4700.442383 0.000000 1864.001831 0.000000 0.401680 0.000000 0.915780 0.209980 0.209980 0.209980
4783.365234 0.000000 1894.787964 0.000000 0.879476 0.000000 0.475944 0.196347 0.196347 0.196347
4748.652344 0.000000 1889.411255 0.000000 0.933061 0.000000 0.359719 0.196923 0.196923 0.196923
4746.422852 0.000000 1887.731934 0.000000 0.703004 0.000000 0.711186 0.208454 0.208454 0.208454
4741.178223 0.000000 1889.354370 0.000000 0.622251 0.000000 0.782818 0.206144 0.206144 0.206144
4763.921387 0.000000 1879.940063 0.000000 0.848148 0.000000 0.529759 0.220447 0.220447 0.220447
4781.452148 0.000000 1892.554199 0.000000 0.091274 0.000000 0.995826 0.196419 0.196419 0.196419
4756.471191 0.000000 1885.809937 0.000000 0.400639 0.000000 0.916236 0.216055 0.216055 0.216055
4775.451172 0.000000 1878.979858 0.000000 0.403460 0.000000 0.914997 0.228898 0.228898 0.228898
4766.946777 0.000000 1877.223389 0.000000 0.303501 0.000000 0.952831 0.209350 0.209350 0.209350
4777.380859 0.000000 1879.932007 0.000000 0.991448 0.000000 0.130505 0.257184 0.257184 0.257184
4779.705078 0.000000 1891.372070 0.000000 0.596197 0.000000 0.802838 0.226872 0.226872 0.226872
4742.483887 0.000000 1882.916748 0.000000 0.083445 0.000000 0.996512 0.231535 0.231535 0.231535
4781.746094 0.000000 1884.120361 0.000000 0.304733 0.000000 0.952438 0.243611 0.243611 0.243611
4779.719727 0.000000 1881.571045 0.000000 0.349712 0.000000 0.936857 0.247144 0.247144 0.247144
4777.913086 0.000000 1881.379150 0.000000 0.225958 0.000000 0.974137 0.248338 0.248338 0.248338
4807.693359 0.000000 1895.816895 0.000000 0.645873 0.000000 0.763445 0.193928 0.193928 0.193928
4826.516602 0.000000 1902.763306 0.000000 0.826799 0.000000 0.562498 0.207907 0.207907 0.207907
4796.546387 0.000000 1948.408447 0.000000 0.714644 0.000000 0.699489 0.204796 0.204796 0.204796
4806.113770 0.000000 1959.427246 0.000000 0.923253 0.000000 0.384193 0.203049 0.203049 0.203049
4802.759766 0.000000 1929.583374 0.000000 0.671725 0.000000 0.740801 0.213601 0.213601 0.213601
4820.724609 0.000000 1950.169189 0.000000 0.999282 0.000000 0.037891 0.207989 0.207989 0.207989
4823.654785 0.000000 1954.124268 0.000000 0.068448 0.000000 0.997655 0.195320 0.195320 0.195320
4819.150879 0.000000 1954.230347 0.000000 0.913111 0.000000 0.407711 0.212125 0.212125 0.212125
4829.269531 0.000000 1922.628174 0.000000 0.997066 0.000000 0.076546 0.213095 0.213095 0.213095
4827.828125 0.000000 1924.507935 0.000000 0.770240 0.000000 0.637755 0.210697 0.210697 0.210697
4840.272949 0.000000 1970.684326 0.000000 0.239876 0.000000 0.970804 0.233488 0.233488 0.233488
4840.552734 0.000000 1973.319946 0.000000 0.847423 0.000000 0.530919 0.251072 0.251072 0.251072
4802.422852 0.000000 1948.868408 0.000000 0.985602 0.000000 0.169083 0.231517 0.231517 0.231517
4814.121582 0.000000 1922.487183 0.000000 0.997910 0.000000 0.064624 0.247535 0.247535 0.247535
4821.078125 0.000000 1922.596436 0.000000 0.999799 0.000000 0.020030 0.234976 0.234976 0.234976
4840.666504 0.000000 1966.791260 0.000000 0.955409 0.000000 0.295285 0.264046 0.264046 0.264046
4802.093750 0.000000 1931.535156 0.000000 0.487926 0.000000 0.872885 0.242649 0.242649 0.242649
4806.066895 0.000000 1953.604248 0.000000 0.810319 0.000000 0.585990 0.248661 0.248661 0.248661
4815.104492 0.000000 1925.320801 0.000000 0.822549 0.000000 0.568694 0.262554 0.262554 0.262554
4838.249512 0.000000 1974.161011 0.000000 0.675622 0.000000 0.737248 0.252406 0.252406 0.252406
4836.916992 0.000000 1972.209961 0.000000 0.659968 0.000000 0.751293 0.247426 0.247426 0.247426
4806.638672 0.000000 1930.021606 0.000000 0.237004 0.000000 0.971509 0.230290 0.230290 0.230290
4817.197754 0.000000 1927.261841 0.000000 0.898890 0.000000 0.438174 0.253392 0.253392 0.253392
4839.682617 0.000000 1968.719727 0.000000 0.999351 0.000000 0.036013 0.282511 0.282511 0.282511
4813.933594 0.000000 1926.337646 0.000000 0.726523 0.000000 0.687142 0.257777 0.257777 0.257777
4805.865234 0.000000 1955.294800 0.000000 0.865043 0.000000 0.501698 0.278151 0.278151 0.278151
4790.469238 0.000000 1987.107178 0.000000 0.926750 0.000000 0.375680 0.197899 0.197899 0.197899
4797.258301 0.000000 1988.967407 0.000000 0.309284 0.000000 0.950970 0.196439 0.196439 0.196439
4793.532715 0.000000 1991.927734 0.000000 0.613349 0.000000 0.789812 0.206940 0.206940 0.206940
4793.361328 0.000000 1989.742432 0.000000 0.882540 0.000000 0.470238 0.221448 0.221448 0.221448
4845.901367 0.000000 1977.907593 0.000000 0.380351 0.000000 0.924842 0.191747 0.191747 0.191747
4860.365723 0.000000 1979.680786 0.000000 0.829578 0.000000 0.558390 0.208970 0.208970 0.208970
4839.590820 0.000000 1980.568237 0.000000 0.272011 0.000000 0.962294 0.200337 0.200337 0.200337
4816.326660 0.000000 1999.620117 0.000000 0.999173 0.000000 0.040673 0.227979 0.227979 0.227979
4839.709473 0.000000 1976.955444 0.000000 0.857476 0.000000 0.514524 0.241641 0.241641 0.241641
4865.798828 0.000000 1970.407837 0.000000 0.997349 0.000000 0.072766 0.228616 0.228616 0.228616
4865.476562 0.000000 1983.411865 0.000000 0.357615 0.000000 0.933869 0.191275 0.191275 0.191275
4866.305176 0.000000 1978.302979 0.000000 0.989839 0.000000 0.142194 0.231942 0.231942 0.231942
"}
object={
	name="cypress_dense_generator_2_1"
	clamp_to_water_level=no
	render_under_water=no
	generated_content=yes
	layer="semidynamic_medium"
	pdxmesh="tree_cypress_002_mesh"
	count=69
	transform="4650.622559 0.000000 1805.040649 0.000000 0.100560 0.000000 -0.994931 0.218890 0.218890 0.218890
4659.473145 0.000000 1791.393555 0.000000 0.976409 0.000000 -0.215931 0.242254 0.242254 0.242254
4659.339844 0.000000 1786.304932 0.000000 0.919358 0.000000 -0.393421 0.229632 0.229632 0.229632
4655.226074 0.000000 1791.959839 0.000000 0.219242 0.000000 -0.975671 0.276775 0.276775 0.276775
4666.732422 0.000000 1804.688599 0.000000 0.951511 0.000000 -0.307614 0.288203 0.288203 0.288203
4656.143066 0.000000 1803.432251 0.000000 0.575184 0.000000 -0.818024 0.370122 0.370122 0.370122
4656.909180 0.000000 1794.062744 0.000000 0.989726 0.000000 -0.142980 0.344435 0.344435 0.344435
4656.015137 0.000000 1835.281494 0.000000 0.651891 0.000000 -0.758313 0.229403 0.229403 0.229403
4657.495117 0.000000 1807.600098 0.000000 0.990388 0.000000 -0.138314 0.204189 0.204189 0.204189
4655.681152 0.000000 1810.401855 0.000000 0.781595 0.000000 -0.623787 0.225774 0.225774 0.225774
4647.437012 0.000000 1834.881958 0.000000 0.026615 0.000000 -0.999646 0.232362 0.232362 0.232362
4665.029297 0.000000 1813.936768 0.000000 0.817062 0.000000 -0.576550 0.280576 0.280576 0.280576
4655.881836 0.000000 1820.232544 0.000000 0.916085 0.000000 -0.400985 0.293259 0.293259 0.293259
4656.094238 0.000000 1824.609253 0.000000 0.036065 0.000000 -0.999349 0.274360 0.274360 0.274360
4664.123047 0.000000 1810.843506 0.000000 0.976841 0.000000 -0.213968 0.277436 0.277436 0.277436
4653.137695 0.000000 1822.560059 0.000000 0.879977 0.000000 -0.475017 0.306802 0.306802 0.306802
4649.028320 0.000000 1834.206787 0.000000 0.996178 0.000000 -0.087347 0.282375 0.282375 0.282375
4658.757324 0.000000 1808.848145 0.000000 0.703335 0.000000 -0.710858 0.337169 0.337169 0.337169
4653.740723 0.000000 1837.709229 0.000000 0.919976 0.000000 -0.391975 0.285608 0.285608 0.285608
4655.049805 0.000000 1836.709961 0.000000 0.198298 0.000000 -0.980142 0.314090 0.314090 0.314090
4654.407715 0.000000 1834.670044 0.000000 0.038680 0.000000 -0.999252 0.332198 0.332198 0.332198
4662.518555 0.000000 1811.189087 0.000000 0.812165 0.000000 -0.583427 0.296230 0.296230 0.296230
4659.249023 0.000000 1811.910278 0.000000 0.067702 0.000000 -0.997706 0.309808 0.309808 0.309808
4650.833008 0.000000 1831.732788 0.000000 0.197931 0.000000 -0.980216 0.341415 0.341415 0.341415
4662.014648 0.000000 1813.020142 0.000000 0.068140 0.000000 -0.997676 0.318991 0.318991 0.318991
4651.860840 0.000000 1832.806030 0.000000 0.323735 0.000000 -0.946148 0.329941 0.329941 0.329941
4653.479492 0.000000 1832.039551 0.000000 0.827109 0.000000 -0.562041 0.390352 0.390352 0.390352
4655.419922 0.000000 1830.154419 0.000000 0.843617 0.000000 -0.536945 0.370247 0.370247 0.370247
4654.963867 0.000000 1827.599487 0.000000 0.656180 0.000000 -0.754605 0.395935 0.395935 0.395935
4653.368652 0.000000 1830.964355 0.000000 0.991572 0.000000 -0.129560 0.403569 0.403569 0.403569
4717.233887 0.000000 1833.397339 0.000000 0.309083 0.000000 -0.951035 0.208784 0.208784 0.208784
4726.872070 0.000000 1853.834351 0.000000 0.936198 0.000000 -0.351473 0.202645 0.202645 0.202645
4696.982910 0.000000 1867.858276 0.000000 0.887405 0.000000 -0.460991 0.208800 0.208800 0.208800
4732.880859 0.000000 1887.214111 0.000000 0.842528 0.000000 -0.538653 0.213391 0.213391 0.213391
4734.998535 0.000000 1887.965942 0.000000 0.782493 0.000000 -0.622660 0.238352 0.238352 0.238352
4768.264648 0.000000 1885.852905 0.000000 0.897912 0.000000 -0.440175 0.202959 0.202959 0.202959
4787.409180 0.000000 1889.470581 0.000000 0.878905 0.000000 -0.476996 0.216266 0.216266 0.216266
4762.002441 0.000000 1878.019775 0.000000 0.834504 0.000000 -0.551002 0.237063 0.237063 0.237063
4793.397461 0.000000 1902.134644 0.000000 0.999594 0.000000 -0.028508 0.228986 0.228986 0.228986
4746.112305 0.000000 1882.138306 0.000000 0.910857 0.000000 -0.412722 0.235974 0.235974 0.235974
4737.439453 0.000000 1888.363770 0.000000 0.979792 0.000000 -0.200021 0.221041 0.221041 0.221041
4776.507812 0.000000 1888.406738 0.000000 0.896351 0.000000 -0.443346 0.248700 0.248700 0.248700
4759.342285 0.000000 1879.495117 0.000000 0.860099 0.000000 -0.510127 0.238833 0.238833 0.238833
4742.215332 0.000000 1880.137695 0.000000 0.019718 0.000000 -0.999806 0.271687 0.271687 0.271687
4777.984863 0.000000 1884.921021 0.000000 0.834129 0.000000 -0.551569 0.282439 0.282439 0.282439
4784.528809 0.000000 1884.865356 0.000000 0.886344 0.000000 -0.463027 0.278810 0.278810 0.278810
4831.273438 0.000000 1918.860840 0.000000 0.925616 0.000000 -0.378464 0.203052 0.203052 0.203052
4836.176270 0.000000 1908.004028 0.000000 0.895577 0.000000 -0.444906 0.204144 0.204144 0.204144
4829.536621 0.000000 1903.997559 0.000000 0.877131 0.000000 -0.480251 0.209022 0.209022 0.209022
4832.505859 0.000000 1908.642212 0.000000 0.974190 0.000000 -0.225730 0.231885 0.231885 0.231885
4799.940430 0.000000 1939.918213 0.000000 0.550809 0.000000 -0.834631 0.228375 0.228375 0.228375
4790.075195 0.000000 1942.013794 0.000000 0.423288 0.000000 -0.905995 0.240987 0.240987 0.240987
4821.035156 0.000000 1961.185913 0.000000 1.000000 0.000000 -0.000574 0.200004 0.200004 0.200004
4816.434082 0.000000 1950.529907 0.000000 0.946720 0.000000 -0.322057 0.251254 0.251254 0.251254
4818.931641 0.000000 1951.794922 0.000000 0.995948 0.000000 -0.089936 0.224185 0.224185 0.224185
4801.116211 0.000000 1956.968018 0.000000 0.352695 0.000000 -0.935739 0.250330 0.250330 0.250330
4823.051758 0.000000 1923.516602 0.000000 0.987678 0.000000 -0.156501 0.249352 0.249352 0.249352
4810.858887 0.000000 1927.997437 0.000000 0.433895 0.000000 -0.900964 0.276605 0.276605 0.276605
4815.572266 0.000000 1952.068604 0.000000 0.484333 0.000000 -0.874884 0.294982 0.294982 0.294982
4805.125488 0.000000 1933.199829 0.000000 0.999918 0.000000 -0.012801 0.289436 0.289436 0.289436
4793.426758 0.000000 1994.352051 0.000000 0.976019 0.000000 -0.217686 0.201534 0.201534 0.201534
4794.815430 0.000000 1984.522217 0.000000 0.600021 0.000000 -0.799984 0.208681 0.208681 0.208681
4799.450684 0.000000 1984.882446 0.000000 0.212767 0.000000 -0.977103 0.237084 0.237084 0.237084
4812.424805 0.000000 1995.372925 0.000000 0.664470 0.000000 -0.747315 0.227901 0.227901 0.227901
4802.759766 0.000000 1986.067749 0.000000 0.946520 0.000000 -0.322646 0.213176 0.213176 0.213176
4810.112305 0.000000 1995.107056 0.000000 0.998037 0.000000 -0.062624 0.220415 0.220415 0.220415
4861.061035 0.000000 1977.509399 0.000000 0.858485 0.000000 -0.512838 0.236407 0.236407 0.236407
4864.004883 0.000000 1973.782837 0.000000 0.887115 0.000000 -0.461548 0.292525 0.292525 0.292525
4864.046387 0.000000 1975.232056 0.000000 0.631324 0.000000 -0.775520 0.341853 0.341853 0.341853
"}
