object={
	name="cypress_dense_generator_3_0"
	clamp_to_water_level=no
	render_under_water=no
	generated_content=yes
	layer="semidynamic_high"
	pdxmesh="tree_cypress_001_mesh"
	count=95
	transform="4652.874023 0.000000 1796.004883 0.000000 0.643649 0.000000 0.765320 0.201743 0.201743 0.201743
4651.937012 0.000000 1807.443115 0.000000 0.827419 0.000000 0.561585 0.208923 0.208923 0.208923
4659.333496 0.000000 1795.423340 0.000000 0.763874 0.000000 0.645365 0.222237 0.222237 0.222237
4653.109375 0.000000 1802.423462 0.000000 0.785987 0.000000 0.618243 0.263801 0.263801 0.263801
4653.223145 0.000000 1807.101807 0.000000 0.234682 0.000000 0.972072 0.259496 0.259496 0.259496
4655.754395 0.000000 1799.729736 0.000000 0.724480 0.000000 0.689296 0.305398 0.305398 0.305398
4654.064453 0.000000 1796.038574 0.000000 0.292006 0.000000 0.956416 0.272844 0.272844 0.272844
4652.170898 0.000000 1806.279541 0.000000 0.994535 0.000000 0.104404 0.298115 0.298115 0.298115
4656.476562 0.000000 1798.848633 0.000000 0.977663 0.000000 0.210178 0.320004 0.320004 0.320004
4657.625000 0.000000 1801.932373 0.000000 0.957575 0.000000 0.288183 0.333143 0.333143 0.333143
4664.357422 0.000000 1815.846924 0.000000 0.967823 0.000000 0.251633 0.199183 0.199183 0.199183
4656.749512 0.000000 1830.107666 0.000000 0.298308 0.000000 0.954470 0.198060 0.198060 0.198060
4648.581055 0.000000 1837.764404 0.000000 0.642210 0.000000 0.766529 0.197904 0.197904 0.197904
4648.507812 0.000000 1831.922363 0.000000 0.299430 0.000000 0.954118 0.205011 0.205011 0.205011
4654.326660 0.000000 1818.618042 0.000000 0.220650 0.000000 0.975353 0.197977 0.197977 0.197977
4657.818848 0.000000 1834.247681 0.000000 0.933348 0.000000 0.358973 0.213831 0.213831 0.213831
4651.779785 0.000000 1812.481445 0.000000 0.176259 0.000000 0.984344 0.213191 0.213191 0.213191
4651.434082 0.000000 1836.590088 0.000000 0.800589 0.000000 0.599214 0.224125 0.224125 0.224125
4656.528809 0.000000 1828.380981 0.000000 0.593284 0.000000 0.804993 0.231308 0.231308 0.231308
4652.527832 0.000000 1815.483765 0.000000 0.092093 0.000000 0.995750 0.227263 0.227263 0.227263
4661.482910 0.000000 1808.822144 0.000000 0.996605 0.000000 0.082335 0.268097 0.268097 0.268097
4651.594727 0.000000 1829.899780 0.000000 0.999155 0.000000 0.041111 0.259077 0.259077 0.259077
4664.234863 0.000000 1809.242920 0.000000 0.663916 0.000000 0.747807 0.246645 0.246645 0.246645
4655.139160 0.000000 1821.418213 0.000000 0.777523 0.000000 0.628855 0.264376 0.264376 0.264376
4665.597656 0.000000 1808.216797 0.000000 0.300173 0.000000 0.953885 0.237222 0.237222 0.237222
4650.333984 0.000000 1834.593628 0.000000 0.987424 0.000000 0.158097 0.302841 0.302841 0.302841
4653.009277 0.000000 1834.661255 0.000000 0.342832 0.000000 0.939397 0.276238 0.276238 0.276238
4653.942383 0.000000 1823.453613 0.000000 0.706005 0.000000 0.708207 0.269599 0.269599 0.269599
4652.866699 0.000000 1825.229492 0.000000 0.057374 0.000000 0.998353 0.251870 0.251870 0.251870
4652.375000 0.000000 1835.784668 0.000000 0.936385 0.000000 0.350975 0.308253 0.308253 0.308253
4654.495117 0.000000 1807.505981 0.000000 0.135504 0.000000 0.990777 0.268937 0.268937 0.268937
4652.081543 0.000000 1827.366821 0.000000 0.468246 0.000000 0.883598 0.292610 0.292610 0.292610
4654.414551 0.000000 1830.213013 0.000000 0.402733 0.000000 0.915317 0.293793 0.293793 0.293793
4652.727051 0.000000 1830.335083 0.000000 0.830224 0.000000 0.557429 0.358881 0.358881 0.358881
4698.771973 0.000000 1857.410278 0.000000 0.087442 0.000000 0.996170 0.187965 0.187965 0.187965
4725.610352 0.000000 1842.992798 0.000000 0.076025 0.000000 0.997106 0.186007 0.186007 0.186007
4721.258789 0.000000 1844.957031 0.000000 0.835716 0.000000 0.549162 0.198002 0.198002 0.198002
4709.593262 0.000000 1849.710693 0.000000 0.189290 0.000000 0.981921 0.197596 0.197596 0.197596
4716.435059 0.000000 1843.475098 0.000000 0.096033 0.000000 0.995378 0.190603 0.190603 0.190603
4708.845703 0.000000 1853.479858 0.000000 0.459458 0.000000 0.888200 0.208209 0.208209 0.208209
4791.879395 0.000000 1907.179199 0.000000 0.809673 0.000000 0.586882 0.194050 0.194050 0.194050
4755.875488 0.000000 1879.433228 0.000000 0.275340 0.000000 0.961347 0.193411 0.193411 0.193411
4779.536621 0.000000 1877.547485 0.000000 0.633314 0.000000 0.773895 0.199687 0.199687 0.199687
4785.818848 0.000000 1890.732056 0.000000 0.537736 0.000000 0.843113 0.212161 0.212161 0.212161
4789.193359 0.000000 1903.319336 0.000000 0.515250 0.000000 0.857040 0.206344 0.206344 0.206344
4784.094238 0.000000 1881.093628 0.000000 0.755504 0.000000 0.655145 0.212353 0.212353 0.212353
4765.993164 0.000000 1878.782227 0.000000 0.775438 0.000000 0.631424 0.218627 0.218627 0.218627
4737.541504 0.000000 1885.148438 0.000000 0.991729 0.000000 0.128351 0.232161 0.232161 0.232161
4781.137695 0.000000 1879.044434 0.000000 0.397065 0.000000 0.917790 0.217718 0.217718 0.217718
4785.404785 0.000000 1883.442505 0.000000 0.879706 0.000000 0.475518 0.241510 0.241510 0.241510
4739.098633 0.000000 1882.108398 0.000000 0.751307 0.000000 0.659953 0.230559 0.230559 0.230559
4756.786621 0.000000 1881.320312 0.000000 0.890787 0.000000 0.454422 0.242971 0.242971 0.242971
4778.833008 0.000000 1888.217163 0.000000 0.913410 0.000000 0.407042 0.262224 0.262224 0.262224
4779.594727 0.000000 1886.384155 0.000000 0.364420 0.000000 0.931235 0.237125 0.237125 0.237125
4779.860840 0.000000 1889.290405 0.000000 0.686787 0.000000 0.726859 0.252771 0.252771 0.252771
4781.479492 0.000000 1888.523926 0.000000 0.721929 0.000000 0.691967 0.264864 0.264864 0.264864
4779.041992 0.000000 1884.063232 0.000000 0.571606 0.000000 0.820528 0.247484 0.247484 0.247484
4782.218262 0.000000 1882.860840 0.000000 0.832330 0.000000 0.554281 0.259154 0.259154 0.259154
4740.728516 0.000000 1884.230713 0.000000 0.645257 0.000000 0.763966 0.255856 0.255856 0.255856
4807.561523 0.000000 1914.958252 0.000000 0.995664 0.000000 0.093025 0.210693 0.210693 0.210693
4831.716309 0.000000 1904.434937 0.000000 0.998627 0.000000 0.052375 0.211162 0.211162 0.211162
4808.816895 0.000000 1911.992676 0.000000 0.992110 0.000000 0.125367 0.217988 0.217988 0.217988
4828.530762 0.000000 1905.659302 0.000000 0.312993 0.000000 0.949755 0.206923 0.206923 0.206923
4831.343262 0.000000 1907.121216 0.000000 0.759911 0.000000 0.650027 0.218275 0.218275 0.218275
4789.757812 0.000000 1939.833496 0.000000 0.121996 0.000000 0.992531 0.188970 0.188970 0.188970
4795.206543 0.000000 1950.449463 0.000000 0.999003 0.000000 0.044649 0.199582 0.199582 0.199582
4798.188965 0.000000 1935.543335 0.000000 0.127871 0.000000 0.991791 0.195177 0.195177 0.195177
4797.359375 0.000000 1941.542358 0.000000 0.925664 0.000000 0.378347 0.205211 0.205211 0.205211
4795.648926 0.000000 1941.981445 0.000000 0.446996 0.000000 0.894536 0.210687 0.210687 0.210687
4792.549805 0.000000 1942.444580 0.000000 0.087664 0.000000 0.996150 0.221111 0.221111 0.221111
4809.939941 0.000000 1935.757202 0.000000 0.932546 0.000000 0.361051 0.196726 0.196726 0.196726
4804.015137 0.000000 1926.555786 0.000000 0.062946 0.000000 0.998017 0.185696 0.185696 0.185696
4826.280762 0.000000 1964.315063 0.000000 0.948822 0.000000 0.315813 0.203833 0.203833 0.203833
4809.114258 0.000000 1950.582520 0.000000 0.723014 0.000000 0.690833 0.203968 0.203968 0.203968
4825.637695 0.000000 1957.166138 0.000000 0.065119 0.000000 0.997878 0.193621 0.193621 0.193621
4817.982910 0.000000 1923.722534 0.000000 0.366604 0.000000 0.930377 0.215478 0.215478 0.215478
4841.461914 0.000000 1976.068359 0.000000 0.341764 0.000000 0.939786 0.214212 0.214212 0.214212
4812.231934 0.000000 1923.305298 0.000000 0.222340 0.000000 0.974969 0.213937 0.213937 0.213937
4840.504883 0.000000 1963.862427 0.000000 0.129150 0.000000 0.991625 0.206786 0.206786 0.206786
4810.324219 0.000000 1951.962158 0.000000 0.845490 0.000000 0.533991 0.218373 0.218373 0.218373
4802.931152 0.000000 1951.943481 0.000000 0.076712 0.000000 0.997053 0.226197 0.226197 0.226197
4800.129395 0.000000 1952.513428 0.000000 0.970140 0.000000 0.242545 0.242051 0.242051 0.242051
4810.960449 0.000000 1954.633667 0.000000 0.961193 0.000000 0.275878 0.232977 0.232977 0.232977
4820.698242 0.000000 1925.652832 0.000000 0.752215 0.000000 0.658918 0.224844 0.224844 0.224844
4813.010254 0.000000 1954.493042 0.000000 0.233823 0.000000 0.972279 0.219843 0.219843 0.219843
4808.825684 0.000000 1954.977783 0.000000 0.728426 0.000000 0.685124 0.230910 0.230910 0.230910
4837.666016 0.000000 1968.304565 0.000000 0.983645 0.000000 0.180116 0.257199 0.257199 0.257199
4807.860840 0.000000 1953.808960 0.000000 0.999742 0.000000 0.022710 0.261694 0.261694 0.261694
4802.917480 0.000000 1953.898193 0.000000 0.902424 0.000000 0.430850 0.269583 0.269583 0.269583
4814.922852 0.000000 1950.689453 0.000000 0.589812 0.000000 0.807541 0.238351 0.238351 0.238351
4795.325195 0.000000 1989.068481 0.000000 0.340245 0.000000 0.940337 0.209046 0.209046 0.209046
4810.422852 0.000000 2000.700684 0.000000 0.586483 0.000000 0.809961 0.191633 0.191633 0.191633
4828.442383 0.000000 1976.970581 0.000000 0.312683 0.000000 0.949857 0.197359 0.197359 0.197359
4811.945801 0.000000 1999.021606 0.000000 0.836108 0.000000 0.548565 0.209115 0.209115 0.209115
4869.147461 0.000000 1974.457886 0.000000 0.828943 0.000000 0.559333 0.236702 0.236702 0.236702
"}
object={
	name="cypress_dense_generator_3_1"
	clamp_to_water_level=no
	render_under_water=no
	generated_content=yes
	layer="semidynamic_high"
	pdxmesh="tree_cypress_002_mesh"
	count=86
	transform="4663.010742 0.000000 1805.968506 0.000000 0.998935 0.000000 -0.046138 0.200369 0.200369 0.200369
4658.333496 0.000000 1789.952148 0.000000 0.870747 0.000000 -0.491731 0.245919 0.245919 0.245919
4667.144043 0.000000 1803.205322 0.000000 0.721723 0.000000 -0.692182 0.260378 0.260378 0.260378
4669.900391 0.000000 1804.083496 0.000000 0.997434 0.000000 -0.071597 0.253488 0.253488 0.253488
4653.661621 0.000000 1801.271118 0.000000 0.993349 0.000000 -0.115144 0.266978 0.266978 0.266978
4657.885254 0.000000 1798.036377 0.000000 0.910798 0.000000 -0.412851 0.344947 0.344947 0.344947
4657.451660 0.000000 1796.710693 0.000000 0.444527 0.000000 -0.895765 0.361302 0.361302 0.361302
4654.979004 0.000000 1805.606934 0.000000 0.669741 0.000000 -0.742595 0.352644 0.352644 0.352644
4654.466309 0.000000 1793.394775 0.000000 0.941137 0.000000 -0.338025 0.335606 0.335606 0.335606
4655.561523 0.000000 1802.491211 0.000000 0.157464 0.000000 -0.987525 0.434083 0.434083 0.434083
4656.238770 0.000000 1796.700195 0.000000 0.317710 0.000000 -0.948188 0.366356 0.366356 0.366356
4657.185059 0.000000 1802.874756 0.000000 0.816798 0.000000 -0.576924 0.356348 0.356348 0.356348
4656.439941 0.000000 1800.604980 0.000000 0.073414 0.000000 -0.997302 0.413194 0.413194 0.413194
4655.125000 0.000000 1803.409302 0.000000 0.795032 0.000000 -0.606567 0.395808 0.395808 0.395808
4654.665527 0.000000 1801.482788 0.000000 0.911829 0.000000 -0.410571 0.392009 0.392009 0.392009
4658.542480 0.000000 1813.298584 0.000000 0.271586 0.000000 -0.962414 0.212131 0.212131 0.212131
4656.601562 0.000000 1812.342285 0.000000 0.995360 0.000000 -0.096223 0.212873 0.212873 0.212873
4652.179688 0.000000 1810.922974 0.000000 0.306048 0.000000 -0.952016 0.293733 0.293733 0.293733
4655.274414 0.000000 1825.582642 0.000000 0.516934 0.000000 -0.856026 0.378817 0.378817 0.378817
4654.927246 0.000000 1824.087769 0.000000 0.965696 0.000000 -0.259677 0.347046 0.347046 0.347046
4655.923340 0.000000 1829.225952 0.000000 0.286228 0.000000 -0.958162 0.443618 0.443618 0.443618
4652.511719 0.000000 1829.454590 0.000000 0.997335 0.000000 -0.072960 0.388535 0.388535 0.388535
4652.544922 0.000000 1832.129150 0.000000 0.999743 0.000000 -0.022670 0.361907 0.361907 0.361907
4727.033203 0.000000 1845.947876 0.000000 0.576728 0.000000 -0.816936 0.208354 0.208354 0.208354
4722.278320 0.000000 1838.208862 0.000000 0.995472 0.000000 -0.095054 0.200867 0.200867 0.200867
4723.473145 0.000000 1847.877930 0.000000 0.153407 0.000000 -0.988163 0.213441 0.213441 0.213441
4705.615234 0.000000 1861.595703 0.000000 0.679102 0.000000 -0.734044 0.223804 0.223804 0.223804
4707.097656 0.000000 1849.600098 0.000000 0.825706 0.000000 -0.564101 0.213719 0.213719 0.213719
4712.272949 0.000000 1857.715576 0.000000 0.761491 0.000000 -0.648176 0.231222 0.231222 0.231222
4704.929688 0.000000 1863.977539 0.000000 0.590618 0.000000 -0.806952 0.226473 0.226473 0.226473
4706.456055 0.000000 1852.452881 0.000000 0.030136 0.000000 -0.999546 0.235169 0.235169 0.235169
4706.607422 0.000000 1859.893921 0.000000 0.997511 0.000000 -0.070505 0.225057 0.225057 0.225057
4789.757812 0.000000 1883.349121 0.000000 0.907236 0.000000 -0.420621 0.203468 0.203468 0.203468
4763.116211 0.000000 1882.459595 0.000000 0.713050 0.000000 -0.701113 0.207080 0.207080 0.207080
4782.967285 0.000000 1879.361206 0.000000 0.206783 0.000000 -0.978387 0.221913 0.221913 0.221913
4770.304199 0.000000 1880.084229 0.000000 0.806944 0.000000 -0.590627 0.217788 0.217788 0.217788
4747.945801 0.000000 1886.052856 0.000000 0.981063 0.000000 -0.193689 0.220959 0.220959 0.220959
4740.679688 0.000000 1878.220703 0.000000 0.477550 0.000000 -0.878604 0.245535 0.245535 0.245535
4767.909668 0.000000 1878.951782 0.000000 0.529185 0.000000 -0.848506 0.243314 0.243314 0.243314
4760.050781 0.000000 1881.697388 0.000000 0.160160 0.000000 -0.987091 0.249088 0.249088 0.249088
4754.442871 0.000000 1880.363525 0.000000 0.883796 0.000000 -0.467872 0.238107 0.238107 0.238107
4737.897461 0.000000 1886.775879 0.000000 0.951366 0.000000 -0.308062 0.239071 0.239071 0.239071
4782.407715 0.000000 1891.154419 0.000000 0.645322 0.000000 -0.763911 0.272927 0.272927 0.272927
4759.098145 0.000000 1882.998779 0.000000 0.371300 0.000000 -0.928513 0.258337 0.258337 0.258337
4778.500977 0.000000 1878.769897 0.000000 0.896294 0.000000 -0.443461 0.259761 0.259761 0.259761
4780.925781 0.000000 1880.551758 0.000000 0.772987 0.000000 -0.634422 0.282223 0.282223 0.282223
4743.009277 0.000000 1885.624268 0.000000 0.685454 0.000000 -0.728116 0.289134 0.289134 0.289134
4777.506836 0.000000 1883.700195 0.000000 0.911757 0.000000 -0.410729 0.297262 0.297262 0.297262
4776.130371 0.000000 1880.056885 0.000000 0.861687 0.000000 -0.507439 0.298963 0.298963 0.298963
4809.349609 0.000000 1916.539429 0.000000 0.386572 0.000000 -0.922259 0.210990 0.210990 0.210990
4833.210938 0.000000 1913.427246 0.000000 0.840176 0.000000 -0.542313 0.207308 0.207308 0.207308
4831.859863 0.000000 1911.817871 0.000000 0.287717 0.000000 -0.957716 0.229209 0.229209 0.229209
4834.456055 0.000000 1908.937256 0.000000 0.811028 0.000000 -0.585008 0.226412 0.226412 0.226412
4798.888184 0.000000 1957.093750 0.000000 0.526598 0.000000 -0.850114 0.209387 0.209387 0.209387
4798.808594 0.000000 1948.496216 0.000000 0.837608 0.000000 -0.546271 0.219642 0.219642 0.219642
4790.093750 0.000000 1944.736084 0.000000 0.046063 0.000000 -0.998939 0.244988 0.244988 0.244988
4793.095215 0.000000 1944.248413 0.000000 0.994384 0.000000 -0.105830 0.251861 0.251861 0.251861
4829.565918 0.000000 1963.767456 0.000000 0.879243 0.000000 -0.476374 0.204029 0.204029 0.204029
4860.341309 0.000000 1973.636597 0.000000 0.248309 0.000000 -0.968681 0.212521 0.212521 0.212521
4817.307129 0.000000 1931.414673 0.000000 0.205957 0.000000 -0.978561 0.216434 0.216434 0.216434
4837.593262 0.000000 1962.679443 0.000000 0.783694 0.000000 -0.621147 0.218222 0.218222 0.218222
4822.294922 0.000000 1927.941895 0.000000 0.784568 0.000000 -0.620043 0.221956 0.221956 0.221956
4832.929688 0.000000 1976.946289 0.000000 0.703113 0.000000 -0.711078 0.222134 0.222134 0.222134
4842.718262 0.000000 1966.967773 0.000000 0.118066 0.000000 -0.993006 0.252573 0.252573 0.252573
4824.548340 0.000000 1922.525757 0.000000 0.807378 0.000000 -0.590034 0.259226 0.259226 0.259226
4815.876465 0.000000 1928.916992 0.000000 0.956957 0.000000 -0.290230 0.254225 0.254225 0.254225
4816.782227 0.000000 1922.177734 0.000000 0.521656 0.000000 -0.853156 0.250157 0.250157 0.250157
4813.156250 0.000000 1929.405151 0.000000 0.248577 0.000000 -0.968612 0.279082 0.279082 0.279082
4836.710938 0.000000 1969.965332 0.000000 0.920529 0.000000 -0.390674 0.269632 0.269632 0.269632
4812.962891 0.000000 1950.589478 0.000000 0.411695 0.000000 -0.911322 0.272891 0.272891 0.272891
4817.981934 0.000000 1950.380981 0.000000 0.012559 0.000000 -0.999921 0.273299 0.273299 0.273299
4836.175781 0.000000 1975.383423 0.000000 0.881062 0.000000 -0.473001 0.269091 0.269091 0.269091
4800.951172 0.000000 1934.703979 0.000000 0.207480 0.000000 -0.978239 0.278456 0.278456 0.278456
4815.107910 0.000000 1955.663696 0.000000 0.946001 0.000000 -0.324163 0.250096 0.250096 0.250096
4840.255371 0.000000 1965.355469 0.000000 0.995185 0.000000 -0.098018 0.259724 0.259724 0.259724
4862.566406 0.000000 1976.097412 0.000000 0.190489 0.000000 -0.981689 0.314293 0.314293 0.314293
4837.751953 0.000000 1971.002075 0.000000 0.959887 0.000000 -0.280388 0.267131 0.267131 0.267131
4816.411621 0.000000 1924.863281 0.000000 0.968526 0.000000 -0.248914 0.267619 0.267619 0.267619
4839.241699 0.000000 1973.368042 0.000000 0.221719 0.000000 -0.975111 0.319466 0.319466 0.319466
4839.001953 0.000000 1970.788208 0.000000 0.594638 0.000000 -0.803993 0.308425 0.308425 0.308425
4799.211914 0.000000 1987.784912 0.000000 0.983624 0.000000 -0.180230 0.219629 0.219629 0.219629
4863.835938 0.000000 1981.437256 0.000000 0.030878 0.000000 -0.999523 0.222410 0.222410 0.222410
4825.025879 0.000000 1977.201050 0.000000 0.189478 0.000000 -0.981885 0.229023 0.229023 0.229023
4808.162109 0.000000 1996.673950 0.000000 0.605691 0.000000 -0.795700 0.222345 0.222345 0.222345
4841.191406 0.000000 1979.083618 0.000000 0.999731 0.000000 -0.023202 0.213156 0.213156 0.213156
4836.465820 0.000000 1978.739014 0.000000 0.671499 0.000000 -0.741006 0.244618 0.244618 0.244618
"}
