object={
	name="cypress_dense_generator_1_0"
	clamp_to_water_level=no
	render_under_water=no
	generated_content=yes
	layer="semidynamic"
	pdxmesh="tree_cypress_001_mesh"
	count=42
	transform="4666.107422 0.000000 1806.216064 0.000000 0.276202 0.000000 0.961100 0.218963 0.218963 0.218963
4668.341309 0.000000 1804.183472 0.000000 0.205870 0.000000 0.978579 0.225713 0.225713 0.225713
4652.424316 0.000000 1803.561646 0.000000 0.153894 0.000000 0.988087 0.244191 0.244191 0.244191
4654.877930 0.000000 1804.439087 0.000000 0.974373 0.000000 0.224936 0.313145 0.313145 0.313145
4654.145508 0.000000 1794.838623 0.000000 0.959043 0.000000 0.283262 0.325225 0.325225 0.325225
4657.098145 0.000000 1821.875977 0.000000 0.502580 0.000000 0.864531 0.206154 0.206154 0.206154
4653.452148 0.000000 1836.069824 0.000000 0.331131 0.000000 0.943585 0.245079 0.245079 0.245079
4654.630859 0.000000 1831.276611 0.000000 0.766007 0.000000 0.642833 0.314119 0.314119 0.314119
4663.474609 0.000000 1812.570679 0.000000 0.139291 0.000000 0.990251 0.243084 0.243084 0.243084
4655.774902 0.000000 1826.688599 0.000000 0.908867 0.000000 0.417087 0.334676 0.334676 0.334676
4654.967285 0.000000 1822.876831 0.000000 0.772966 0.000000 0.634447 0.295155 0.295155 0.295155
4700.282227 0.000000 1844.395996 0.000000 0.977841 0.000000 0.209351 0.198631 0.198631 0.198631
4699.221680 0.000000 1853.528564 0.000000 0.914822 0.000000 0.403857 0.197042 0.197042 0.197042
4728.634766 0.000000 1843.288574 0.000000 0.471599 0.000000 0.881813 0.190431 0.190431 0.190431
4797.733887 0.000000 1898.194580 0.000000 0.996148 0.000000 0.087692 0.199342 0.199342 0.199342
4791.033203 0.000000 1902.432251 0.000000 0.095764 0.000000 0.995404 0.207110 0.207110 0.207110
4748.424805 0.000000 1882.404175 0.000000 0.493736 0.000000 0.869612 0.211436 0.211436 0.211436
4758.343750 0.000000 1881.376587 0.000000 0.141835 0.000000 0.989890 0.221348 0.221348 0.221348
4784.015137 0.000000 1891.765869 0.000000 0.965204 0.000000 0.261498 0.222593 0.222593 0.222593
4776.221680 0.000000 1884.427612 0.000000 0.645827 0.000000 0.763484 0.248788 0.248788 0.248788
4778.478516 0.000000 1889.721436 0.000000 0.824882 0.000000 0.565304 0.257873 0.257873 0.257873
4782.630859 0.000000 1887.760986 0.000000 0.493473 0.000000 0.869761 0.256938 0.256938 0.256938
4740.637695 0.000000 1882.557129 0.000000 0.692262 0.000000 0.721646 0.245685 0.245685 0.245685
4780.304199 0.000000 1887.683716 0.000000 0.667347 0.000000 0.744747 0.261028 0.261028 0.261028
4784.749512 0.000000 1886.592041 0.000000 0.904744 0.000000 0.425956 0.258716 0.258716 0.258716
4800.290527 0.000000 1898.349487 0.000000 0.121856 0.000000 0.992548 0.189331 0.189331 0.189331
4830.600098 0.000000 1913.687988 0.000000 0.916897 0.000000 0.399124 0.196361 0.196361 0.196361
4804.957031 0.000000 1910.151489 0.000000 0.583654 0.000000 0.812002 0.198050 0.198050 0.198050
4829.565918 0.000000 1907.283081 0.000000 0.993496 0.000000 0.113866 0.224719 0.224719 0.224719
4806.656738 0.000000 1912.802124 0.000000 0.803289 0.000000 0.595589 0.219288 0.219288 0.219288
4799.683594 0.000000 1933.509155 0.000000 0.594588 0.000000 0.804030 0.191139 0.191139 0.191139
4830.802246 0.000000 1920.529907 0.000000 0.908073 0.000000 0.418811 0.196224 0.196224 0.196224
4822.797363 0.000000 1921.443359 0.000000 0.713221 0.000000 0.700939 0.193074 0.193074 0.193074
4800.522461 0.000000 1936.170776 0.000000 0.662170 0.000000 0.749353 0.228354 0.228354 0.228354
4804.061523 0.000000 1936.678345 0.000000 0.998941 0.000000 0.046010 0.233454 0.233454 0.233454
4817.653320 0.000000 1928.938110 0.000000 0.943739 0.000000 0.330692 0.233083 0.233083 0.233083
4824.982910 0.000000 1924.342651 0.000000 0.454816 0.000000 0.890585 0.217869 0.217869 0.217869
4814.569336 0.000000 1954.237549 0.000000 0.791464 0.000000 0.611216 0.232629 0.232629 0.232629
4802.786133 0.000000 1955.369385 0.000000 0.062308 0.000000 0.998057 0.243867 0.243867 0.243867
4838.192871 0.000000 1982.660034 0.000000 0.998523 0.000000 0.054334 0.203368 0.203368 0.203368
4868.256348 0.000000 1975.984497 0.000000 0.941856 0.000000 0.336016 0.241317 0.241317 0.241317
4864.164062 0.000000 1976.807861 0.000000 0.237097 0.000000 0.971486 0.258141 0.258141 0.258141
"}
object={
	name="cypress_dense_generator_1_1"
	clamp_to_water_level=no
	render_under_water=no
	generated_content=yes
	layer="semidynamic"
	pdxmesh="tree_cypress_002_mesh"
	count=30
	transform="4652.263184 0.000000 1801.190674 0.000000 0.713315 0.000000 -0.700844 0.281600 0.281600 0.281600
4649.206543 0.000000 1816.043701 0.000000 0.995466 0.000000 -0.095114 0.200642 0.200642 0.200642
4650.478516 0.000000 1833.237061 0.000000 0.615444 0.000000 -0.788180 0.320171 0.320171 0.320171
4652.193359 0.000000 1828.444580 0.000000 0.843732 0.000000 -0.536765 0.417067 0.417067 0.417067
4665.683105 0.000000 1809.655762 0.000000 0.640611 0.000000 -0.767865 0.285135 0.285135 0.285135
4652.304199 0.000000 1831.199341 0.000000 0.912091 0.000000 -0.409988 0.421693 0.421693 0.421693
4652.596680 0.000000 1826.451294 0.000000 0.565419 0.000000 -0.824804 0.379341 0.379341 0.379341
4651.705078 0.000000 1834.887695 0.000000 0.714726 0.000000 -0.699404 0.333893 0.333893 0.333893
4655.569336 0.000000 1807.603149 0.000000 0.360480 0.000000 -0.932767 0.367718 0.367718 0.367718
4653.502441 0.000000 1829.860840 0.000000 0.962085 0.000000 -0.272752 0.400283 0.400283 0.400283
4702.227539 0.000000 1868.541748 0.000000 0.509300 0.000000 -0.860589 0.215786 0.215786 0.215786
4787.720703 0.000000 1901.856201 0.000000 0.094179 0.000000 -0.995555 0.212533 0.212533 0.212533
4786.335449 0.000000 1884.877441 0.000000 0.138131 0.000000 -0.990414 0.249412 0.249412 0.249412
4780.193359 0.000000 1884.928955 0.000000 0.875188 0.000000 -0.483783 0.286882 0.286882 0.286882
4783.774902 0.000000 1883.172974 0.000000 0.222843 0.000000 -0.974854 0.306004 0.306004 0.306004
4835.530762 0.000000 1914.572876 0.000000 0.065285 0.000000 -0.997867 0.210524 0.210524 0.210524
4793.426758 0.000000 1937.867676 0.000000 0.928891 0.000000 -0.370353 0.202984 0.202984 0.202984
4798.127441 0.000000 1937.908691 0.000000 0.557568 0.000000 -0.830131 0.230907 0.230907 0.230907
4803.716309 0.000000 1961.574951 0.000000 0.916945 0.000000 -0.399014 0.203125 0.203125 0.203125
4802.164551 0.000000 1939.840332 0.000000 0.205405 0.000000 -0.978677 0.241381 0.241381 0.241381
4826.616699 0.000000 1926.678223 0.000000 0.187687 0.000000 -0.982229 0.211731 0.211731 0.211731
4830.600098 0.000000 1970.172363 0.000000 0.471599 0.000000 -0.881813 0.209299 0.209299 0.209299
4823.759277 0.000000 1964.594604 0.000000 0.905195 0.000000 -0.424997 0.210794 0.210794 0.210794
4811.269531 0.000000 1929.798828 0.000000 0.883212 0.000000 -0.468975 0.255360 0.255360 0.255360
4810.448242 0.000000 1924.073730 0.000000 0.083510 0.000000 -0.996507 0.263244 0.263244 0.263244
4836.101074 0.000000 1968.330078 0.000000 0.482114 0.000000 -0.876109 0.283855 0.283855 0.283855
4819.958008 0.000000 1927.181274 0.000000 0.214570 0.000000 -0.976709 0.268212 0.268212 0.268212
4815.571289 0.000000 1927.081299 0.000000 0.673202 0.000000 -0.739459 0.300295 0.300295 0.300295
4802.523438 0.000000 1934.883667 0.000000 0.882711 0.000000 -0.469916 0.292770 0.292770 0.292770
4867.898438 0.000000 1973.225342 0.000000 0.917710 0.000000 -0.397250 0.280827 0.280827 0.280827
"}
