object={
	name="iceberg_generator_1_0"
	clamp_to_water_level=yes
	render_under_water=yes
	generated_content=yes
	layer="semidynamic"
	pdxmesh="iceberg_01_mesh"
	count=136
	transform="468.194763 0.000000 2926.615967 0.000000 0.592584 0.000000 0.805509 1.000000 1.000000 1.000000
404.950073 0.000000 3002.841064 0.000000 0.859747 0.000000 0.510720 1.000000 1.000000 1.000000
418.074402 0.000000 2999.191650 0.000000 0.340407 0.000000 0.940278 1.000000 1.000000 1.000000
425.206696 0.000000 3058.699951 0.000000 0.359494 0.000000 0.933147 1.000000 1.000000 1.000000
476.282135 0.000000 3087.052246 0.000000 0.009544 0.000000 0.999954 1.000000 1.000000 1.000000
492.186310 0.000000 3097.864502 0.000000 0.402087 0.000000 0.915601 1.000000 1.000000 1.000000
700.270508 0.000000 3154.974365 0.000000 0.253803 0.000000 0.967256 1.000000 1.000000 1.000000
1017.614258 0.000000 2989.568604 0.000000 0.501371 0.000000 0.865232 1.000000 1.000000 1.000000
991.822266 0.000000 3019.732910 0.000000 0.569106 0.000000 0.822264 1.000000 1.000000 1.000000
800.909119 0.000000 3148.884033 0.000000 0.703402 0.000000 0.710792 1.000000 1.000000 1.000000
786.852844 0.000000 3143.248047 0.000000 0.849124 0.000000 0.528194 1.000000 1.000000 1.000000
848.913574 0.000000 3139.210693 0.000000 0.388757 0.000000 0.921340 1.000000 1.000000 1.000000
2113.469238 0.000000 2991.735596 0.000000 0.835753 0.000000 0.549106 1.000000 1.000000 1.000000
2099.720459 0.000000 3031.543701 0.000000 0.734107 0.000000 0.679034 1.000000 1.000000 1.000000
2119.693115 0.000000 3138.473145 0.000000 0.947851 0.000000 0.318713 1.000000 1.000000 1.000000
2428.270508 0.000000 3098.489990 0.000000 0.328356 0.000000 0.944554 1.000000 1.000000 1.000000
2426.308594 0.000000 3094.755859 0.000000 0.839237 0.000000 0.543766 1.000000 1.000000 1.000000
2410.581543 0.000000 3125.445557 0.000000 0.485647 0.000000 0.874155 1.000000 1.000000 1.000000
2413.790771 0.000000 3119.978760 0.000000 0.938915 0.000000 0.344149 1.000000 1.000000 1.000000
2410.134033 0.000000 3110.778076 0.000000 0.814118 0.000000 0.580699 1.000000 1.000000 1.000000
2142.600098 0.000000 3212.828613 0.000000 0.031378 0.000000 0.999508 1.000000 1.000000 1.000000
2145.638184 0.000000 3209.893555 0.000000 0.694497 0.000000 0.719496 1.000000 1.000000 1.000000
2237.935791 0.000000 3306.123779 0.000000 0.574772 0.000000 0.818313 1.000000 1.000000 1.000000
2351.844482 0.000000 3170.235352 0.000000 0.854608 0.000000 0.519274 1.000000 1.000000 1.000000
2338.074463 0.000000 3168.644775 0.000000 0.172293 0.000000 0.985046 1.000000 1.000000 1.000000
2330.549072 0.000000 3204.437988 0.000000 0.298118 0.000000 0.954529 1.000000 1.000000 1.000000
2311.651123 0.000000 3237.096680 0.000000 0.683450 0.000000 0.729997 1.000000 1.000000 1.000000
4461.060059 0.000000 3374.969971 0.000000 0.185169 0.000000 0.982707 1.000000 1.000000 1.000000
4517.084961 0.000000 3347.375732 0.000000 0.018678 0.000000 0.999826 1.000000 1.000000 1.000000
4516.590332 0.000000 3342.584717 0.000000 0.949777 0.000000 0.312928 1.000000 1.000000 1.000000
4511.949707 0.000000 3366.834229 0.000000 0.656406 0.000000 0.754408 1.000000 1.000000 1.000000
4178.736816 0.000000 3552.152344 0.000000 0.517992 0.000000 0.855386 1.000000 1.000000 1.000000
4338.281250 0.000000 3545.100342 0.000000 0.626852 0.000000 0.779139 1.000000 1.000000 1.000000
4449.639160 0.000000 3419.100098 0.000000 0.554930 0.000000 0.831897 1.000000 1.000000 1.000000
4450.074219 0.000000 3394.582275 0.000000 0.567108 0.000000 0.823643 1.000000 1.000000 1.000000
4466.569336 0.000000 3445.036377 0.000000 0.404544 0.000000 0.914518 1.000000 1.000000 1.000000
4362.048340 0.000000 3491.047119 0.000000 0.810991 0.000000 0.585058 1.000000 1.000000 1.000000
4366.146973 0.000000 3467.400391 0.000000 0.777524 0.000000 0.628853 1.000000 1.000000 1.000000
4355.856934 0.000000 3495.618896 0.000000 0.569742 0.000000 0.821824 1.000000 1.000000 1.000000
4532.449707 0.000000 3421.822998 0.000000 0.912806 0.000000 0.408394 1.000000 1.000000 1.000000
4482.164551 0.000000 3408.434082 0.000000 0.724891 0.000000 0.688864 1.000000 1.000000 1.000000
4542.018555 0.000000 3414.957520 0.000000 0.443411 0.000000 0.896319 1.000000 1.000000 1.000000
4578.074219 0.000000 3451.066650 0.000000 0.410057 0.000000 0.912060 1.000000 1.000000 1.000000
4446.802246 0.000000 3502.092285 0.000000 0.416488 0.000000 0.909141 1.000000 1.000000 1.000000
4454.270996 0.000000 3503.438232 0.000000 0.916707 0.000000 0.399560 1.000000 1.000000 1.000000
4627.921875 0.000000 3243.934814 0.000000 0.759206 0.000000 0.650851 1.000000 1.000000 1.000000
4653.233887 0.000000 3245.506592 0.000000 0.112383 0.000000 0.993665 1.000000 1.000000 1.000000
4630.596680 0.000000 3240.140625 0.000000 0.764522 0.000000 0.644598 1.000000 1.000000 1.000000
4921.729980 0.000000 3373.367676 0.000000 0.808332 0.000000 0.588727 1.000000 1.000000 1.000000
4991.291016 0.000000 3332.983154 0.000000 0.140705 0.000000 0.990052 1.000000 1.000000 1.000000
4944.913574 0.000000 3365.148193 0.000000 0.638551 0.000000 0.769579 1.000000 1.000000 1.000000
4950.596680 0.000000 3353.109375 0.000000 0.529050 0.000000 0.848591 1.000000 1.000000 1.000000
5054.112305 0.000000 3320.012451 0.000000 0.191510 0.000000 0.981491 1.000000 1.000000 1.000000
4998.599121 0.000000 3385.678955 0.000000 0.833169 0.000000 0.553019 1.000000 1.000000 1.000000
4724.600586 0.000000 3412.276367 0.000000 0.631628 0.000000 0.775272 1.000000 1.000000 1.000000
5050.133789 0.000000 3416.526855 0.000000 0.887492 0.000000 0.460823 1.000000 1.000000 1.000000
5046.872070 0.000000 3435.396973 0.000000 0.295756 0.000000 0.955264 1.000000 1.000000 1.000000
5292.186523 0.000000 3210.833252 0.000000 0.124688 0.000000 0.992196 1.000000 1.000000 1.000000
5297.044434 0.000000 3211.808838 0.000000 0.818889 0.000000 0.573951 1.000000 1.000000 1.000000
5325.066406 0.000000 3216.341309 0.000000 0.420835 0.000000 0.907137 1.000000 1.000000 1.000000
5249.476562 0.000000 3226.068115 0.000000 0.118909 0.000000 0.992905 1.000000 1.000000 1.000000
5327.347656 0.000000 3219.893555 0.000000 0.662652 0.000000 0.748928 1.000000 1.000000 1.000000
5317.568848 0.000000 3223.627197 0.000000 0.261446 0.000000 0.965218 1.000000 1.000000 1.000000
5325.333984 0.000000 3223.938721 0.000000 0.014743 0.000000 0.999891 1.000000 1.000000 1.000000
5389.066406 0.000000 3216.341309 0.000000 0.550143 0.000000 0.835070 1.000000 1.000000 1.000000
5403.974121 0.000000 3194.854492 0.000000 0.696227 0.000000 0.717822 1.000000 1.000000 1.000000
5398.690430 0.000000 3191.141846 0.000000 0.648468 0.000000 0.761242 1.000000 1.000000 1.000000
5503.683594 0.000000 3232.649902 0.000000 0.369920 0.000000 0.929064 1.000000 1.000000 1.000000
5506.164551 0.000000 3238.980957 0.000000 0.949404 0.000000 0.314058 1.000000 1.000000 1.000000
5584.020996 0.000000 3376.806396 0.000000 0.537402 0.000000 0.843326 1.000000 1.000000 1.000000
5587.921875 0.000000 3413.387939 0.000000 0.412778 0.000000 0.910832 1.000000 1.000000 1.000000
5651.921875 0.000000 3187.450439 0.000000 0.214321 0.000000 0.976763 1.000000 1.000000 1.000000
5653.636230 0.000000 3217.627197 0.000000 0.798034 0.000000 0.602613 1.000000 1.000000 1.000000
5737.423340 0.000000 3252.031494 0.000000 0.534448 0.000000 0.845201 1.000000 1.000000 1.000000
5743.844727 0.000000 3226.719727 0.000000 0.466389 0.000000 0.884580 1.000000 1.000000 1.000000
5754.165039 0.000000 3298.644531 0.000000 0.308899 0.000000 0.951095 1.000000 1.000000 1.000000
5792.264648 0.000000 3354.446533 0.000000 0.849628 0.000000 0.527382 1.000000 1.000000 1.000000
5823.683594 0.000000 3345.618652 0.000000 0.120572 0.000000 0.992705 1.000000 1.000000 1.000000
5793.639160 0.000000 3362.615723 0.000000 0.922760 0.000000 0.385374 1.000000 1.000000 1.000000
5821.524414 0.000000 3338.091553 0.000000 0.577170 0.000000 0.816624 1.000000 1.000000 1.000000
5796.049805 0.000000 3368.867676 0.000000 0.406906 0.000000 0.913470 1.000000 1.000000 1.000000
5790.773926 0.000000 3349.049805 0.000000 0.719984 0.000000 0.693991 1.000000 1.000000 1.000000
5799.675293 0.000000 3387.352051 0.000000 0.581468 0.000000 0.813569 1.000000 1.000000 1.000000
5791.949707 0.000000 3366.834229 0.000000 0.301863 0.000000 0.953351 1.000000 1.000000 1.000000
5798.192871 0.000000 3338.284912 0.000000 0.734965 0.000000 0.678105 1.000000 1.000000 1.000000
5826.164551 0.000000 3351.949707 0.000000 0.591470 0.000000 0.806327 1.000000 1.000000 1.000000
5831.650879 0.000000 3350.065430 0.000000 0.690578 0.000000 0.723258 1.000000 1.000000 1.000000
5824.522461 0.000000 3348.280273 0.000000 0.515336 0.000000 0.856988 1.000000 1.000000 1.000000
5946.165039 0.000000 3298.644531 0.000000 0.203154 0.000000 0.979147 1.000000 1.000000 1.000000
5950.112305 0.000000 3320.012451 0.000000 0.679668 0.000000 0.733520 1.000000 1.000000 1.000000
5952.315430 0.000000 3302.519287 0.000000 0.715206 0.000000 0.698914 1.000000 1.000000 1.000000
5952.073242 0.000000 3314.655273 0.000000 0.480085 0.000000 0.877222 1.000000 1.000000 1.000000
5949.733887 0.000000 3366.788330 0.000000 0.015599 0.000000 0.999878 1.000000 1.000000 1.000000
5949.524414 0.000000 3338.091553 0.000000 0.398283 0.000000 0.917263 1.000000 1.000000 1.000000
5920.909180 0.000000 3374.821533 0.000000 0.508697 0.000000 0.860946 1.000000 1.000000 1.000000
5935.365234 0.000000 3363.381836 0.000000 0.641303 0.000000 0.767287 1.000000 1.000000 1.000000
5926.720703 0.000000 3379.312744 0.000000 0.882823 0.000000 0.469706 1.000000 1.000000 1.000000
5938.569336 0.000000 3388.552002 0.000000 0.074553 0.000000 0.997217 1.000000 1.000000 1.000000
5930.064453 0.000000 3383.901855 0.000000 0.364563 0.000000 0.931179 1.000000 1.000000 1.000000
5943.430664 0.000000 3346.455078 0.000000 0.488769 0.000000 0.872413 1.000000 1.000000 1.000000
6067.915527 0.000000 3344.619385 0.000000 0.861080 0.000000 0.508469 1.000000 1.000000 1.000000
6058.133789 0.000000 3336.715576 0.000000 0.783143 0.000000 0.621841 1.000000 1.000000 1.000000
5694.127441 0.000000 3406.502441 0.000000 0.047145 0.000000 0.998888 1.000000 1.000000 1.000000
5694.018555 0.000000 3471.441895 0.000000 0.024296 0.000000 0.999705 1.000000 1.000000 1.000000
5696.315430 0.000000 3471.972412 0.000000 0.939059 0.000000 0.343757 1.000000 1.000000 1.000000
5795.530762 0.000000 3439.651123 0.000000 0.761738 0.000000 0.647885 1.000000 1.000000 1.000000
5791.273438 0.000000 3443.938965 0.000000 0.047938 0.000000 0.998850 1.000000 1.000000 1.000000
5793.639160 0.000000 3475.584473 0.000000 0.237245 0.000000 0.971450 1.000000 1.000000 1.000000
5891.834473 0.000000 3389.064941 0.000000 0.659706 0.000000 0.751524 1.000000 1.000000 1.000000
5939.915527 0.000000 3401.103760 0.000000 0.824528 0.000000 0.565821 1.000000 1.000000 1.000000
5949.041992 0.000000 3444.720703 0.000000 0.916227 0.000000 0.400660 1.000000 1.000000 1.000000
5950.112305 0.000000 3432.981201 0.000000 0.209414 0.000000 0.977827 1.000000 1.000000 1.000000
5946.133789 0.000000 3473.011230 0.000000 0.516613 0.000000 0.856219 1.000000 1.000000 1.000000
5949.041992 0.000000 3501.205078 0.000000 0.489027 0.000000 0.872269 1.000000 1.000000 1.000000
6019.589355 0.000000 3401.444824 0.000000 0.744291 0.000000 0.667856 1.000000 1.000000 1.000000
6017.476562 0.000000 3395.521240 0.000000 0.922237 0.000000 0.386624 1.000000 1.000000 1.000000
6058.133789 0.000000 3393.199951 0.000000 0.352730 0.000000 0.935725 1.000000 1.000000 1.000000
6026.276367 0.000000 3409.669922 0.000000 0.229457 0.000000 0.973319 1.000000 1.000000 1.000000
6050.074219 0.000000 3451.066650 0.000000 0.743890 0.000000 0.668302 1.000000 1.000000 1.000000
6046.773926 0.000000 3462.018555 0.000000 0.417561 0.000000 0.908649 1.000000 1.000000 1.000000
6043.974121 0.000000 3477.276367 0.000000 0.164265 0.000000 0.986416 1.000000 1.000000 1.000000
6042.548828 0.000000 3486.859863 0.000000 0.176683 0.000000 0.984268 1.000000 1.000000 1.000000
5946.165039 0.000000 3524.582031 0.000000 0.773037 0.000000 0.634361 1.000000 1.000000 1.000000
5946.875000 0.000000 3502.185791 0.000000 0.738582 0.000000 0.674164 1.000000 1.000000 1.000000
6029.467773 0.000000 3517.586426 0.000000 0.367702 0.000000 0.929944 1.000000 1.000000 1.000000
6253.255371 0.000000 3387.453613 0.000000 0.396215 0.000000 0.918158 1.000000 1.000000 1.000000
6258.569336 0.000000 3388.552002 0.000000 0.189926 0.000000 0.981798 1.000000 1.000000 1.000000
6185.423340 0.000000 3421.484619 0.000000 0.374205 0.000000 0.927346 1.000000 1.000000 1.000000
6207.097656 0.000000 3428.451660 0.000000 0.910787 0.000000 0.412876 1.000000 1.000000 1.000000
6262.803711 0.000000 3391.128662 0.000000 0.497274 0.000000 0.867593 1.000000 1.000000 1.000000
6250.581543 0.000000 3407.867432 0.000000 0.177469 0.000000 0.984126 1.000000 1.000000 1.000000
6299.974121 0.000000 3420.791992 0.000000 0.888585 0.000000 0.458711 1.000000 1.000000 1.000000
6317.233887 0.000000 3471.444092 0.000000 0.899468 0.000000 0.436986 1.000000 1.000000 1.000000
6388.449707 0.000000 3478.307373 0.000000 0.007054 0.000000 0.999975 1.000000 1.000000 1.000000
6381.233887 0.000000 3471.444092 0.000000 0.768365 0.000000 0.640012 1.000000 1.000000 1.000000
6340.861816 0.000000 3473.501465 0.000000 0.936701 0.000000 0.350131 1.000000 1.000000 1.000000
"}
object={
	name="iceberg_generator_1_1"
	clamp_to_water_level=yes
	render_under_water=yes
	generated_content=yes
	layer="semidynamic"
	pdxmesh="iceberg_02_mesh"
	count=99
	transform="429.059875 0.000000 2923.094971 0.000000 0.960906 0.000000 -0.276874 1.000000 1.000000 1.000000
486.720886 0.000000 2927.437744 0.000000 0.935216 0.000000 -0.354077 1.000000 1.000000 1.000000
415.430420 0.000000 3004.443848 0.000000 0.982968 0.000000 0.183774 1.000000 1.000000 1.000000
401.626343 0.000000 2998.881348 0.000000 0.988680 0.000000 0.150038 1.000000 1.000000 1.000000
486.720886 0.000000 3096.890869 0.000000 0.999562 0.000000 0.029585 1.000000 1.000000 1.000000
505.614258 0.000000 3102.537354 0.000000 0.990644 0.000000 -0.136473 1.000000 1.000000 1.000000
717.883423 0.000000 3155.136719 0.000000 0.998896 0.000000 0.046985 1.000000 1.000000 1.000000
992.264404 0.000000 3015.540283 0.000000 0.998144 0.000000 0.060891 1.000000 1.000000 1.000000
2093.233887 0.000000 3019.569092 0.000000 0.999439 0.000000 -0.033501 1.000000 1.000000 1.000000
2094.917725 0.000000 3014.986572 0.000000 0.834671 0.000000 -0.550749 1.000000 1.000000 1.000000
2349.255371 0.000000 3161.516113 0.000000 0.994926 0.000000 -0.100609 1.000000 1.000000 1.000000
2350.271240 0.000000 3143.929199 0.000000 0.879782 0.000000 -0.475378 1.000000 1.000000 1.000000
2230.117188 0.000000 3283.115234 0.000000 0.969254 0.000000 0.246062 1.000000 1.000000 1.000000
2240.290283 0.000000 3310.458984 0.000000 0.872659 0.000000 -0.488330 1.000000 1.000000 1.000000
2337.639404 0.000000 3193.162598 0.000000 0.975425 0.000000 0.220333 1.000000 1.000000 1.000000
2334.773926 0.000000 3179.596680 0.000000 0.975193 0.000000 0.221357 1.000000 1.000000 1.000000
2334.089844 0.000000 3192.060303 0.000000 0.966462 0.000000 -0.256811 1.000000 1.000000 1.000000
2343.866699 0.000000 3374.281738 0.000000 0.997897 0.000000 -0.064820 1.000000 1.000000 1.000000
2342.720947 0.000000 3379.312744 0.000000 0.999973 0.000000 0.007348 1.000000 1.000000 1.000000
2285.901367 0.000000 3390.016846 0.000000 0.833798 0.000000 -0.552070 1.000000 1.000000 1.000000
2297.915771 0.000000 3399.777344 0.000000 0.995168 0.000000 -0.098183 1.000000 1.000000 1.000000
2301.449707 0.000000 3398.548584 0.000000 0.999861 0.000000 -0.016688 1.000000 1.000000 1.000000
4508.282227 0.000000 3369.474121 0.000000 0.869342 0.000000 -0.494210 1.000000 1.000000 1.000000
4514.074219 0.000000 3338.097900 0.000000 0.970595 0.000000 0.240720 1.000000 1.000000 1.000000
4507.974121 0.000000 3364.307617 0.000000 0.866511 0.000000 -0.499159 1.000000 1.000000 1.000000
4185.924805 0.000000 3555.271729 0.000000 0.991846 0.000000 -0.127444 1.000000 1.000000 1.000000
4173.883301 0.000000 3550.527344 0.000000 0.931137 0.000000 -0.364669 1.000000 1.000000 1.000000
4468.885254 0.000000 3440.813721 0.000000 0.991769 0.000000 -0.128042 1.000000 1.000000 1.000000
4457.423340 0.000000 3477.968994 0.000000 0.956893 0.000000 0.290439 1.000000 1.000000 1.000000
4447.273438 0.000000 3500.423340 0.000000 0.996987 0.000000 0.077567 1.000000 1.000000 1.000000
4525.233887 0.000000 3414.959717 0.000000 0.946804 0.000000 -0.321810 1.000000 1.000000 1.000000
4480.315430 0.000000 3415.488037 0.000000 0.988143 0.000000 -0.153539 1.000000 1.000000 1.000000
4585.423340 0.000000 3421.484619 0.000000 0.986181 0.000000 0.165670 1.000000 1.000000 1.000000
4624.913574 0.000000 3252.179443 0.000000 0.895252 0.000000 -0.445561 1.000000 1.000000 1.000000
4681.163574 0.000000 3371.878906 0.000000 0.955593 0.000000 -0.294691 1.000000 1.000000 1.000000
4942.124512 0.000000 3361.586914 0.000000 0.985532 0.000000 -0.169487 1.000000 1.000000 1.000000
4933.002930 0.000000 3368.706055 0.000000 0.984590 0.000000 -0.174880 1.000000 1.000000 1.000000
4990.112305 0.000000 3376.496826 0.000000 0.874766 0.000000 -0.484545 1.000000 1.000000 1.000000
4950.690430 0.000000 3360.594971 0.000000 0.864898 0.000000 -0.501948 1.000000 1.000000 1.000000
4928.073242 0.000000 3371.139648 0.000000 0.968783 0.000000 -0.247910 1.000000 1.000000 1.000000
5049.729980 0.000000 3316.883301 0.000000 0.912115 0.000000 -0.409935 1.000000 1.000000 1.000000
5050.165039 0.000000 3298.644531 0.000000 0.994983 0.000000 0.100045 1.000000 1.000000 1.000000
5053.733887 0.000000 3423.272705 0.000000 0.967901 0.000000 -0.251330 1.000000 1.000000 1.000000
5048.851562 0.000000 3420.674805 0.000000 0.992270 0.000000 0.124101 1.000000 1.000000 1.000000
5299.521484 0.000000 3247.618164 0.000000 0.965370 0.000000 0.260883 1.000000 1.000000 1.000000
5301.757812 0.000000 3238.974121 0.000000 0.837883 0.000000 -0.545849 1.000000 1.000000 1.000000
5313.476562 0.000000 3226.068115 0.000000 0.994807 0.000000 0.101782 1.000000 1.000000 1.000000
5407.949707 0.000000 3197.381104 0.000000 0.823639 0.000000 -0.567115 1.000000 1.000000 1.000000
5589.428223 0.000000 3195.472656 0.000000 0.973282 0.000000 0.229614 1.000000 1.000000 1.000000
5606.465332 0.000000 3188.222656 0.000000 0.919899 0.000000 -0.392155 1.000000 1.000000 1.000000
5504.522461 0.000000 3235.311523 0.000000 0.977799 0.000000 0.209546 1.000000 1.000000 1.000000
5600.909180 0.000000 3261.852783 0.000000 0.991924 0.000000 -0.126836 1.000000 1.000000 1.000000
5599.273438 0.000000 3274.485840 0.000000 0.850218 0.000000 -0.526430 1.000000 1.000000 1.000000
5581.467773 0.000000 3348.133301 0.000000 0.977557 0.000000 0.210671 1.000000 1.000000 1.000000
5589.428223 0.000000 3364.925781 0.000000 0.997337 0.000000 -0.072931 1.000000 1.000000 1.000000
5585.893555 0.000000 3345.892822 0.000000 0.894254 0.000000 -0.447560 1.000000 1.000000 1.000000
5586.853027 0.000000 3369.185547 0.000000 0.986201 0.000000 -0.165554 1.000000 1.000000 1.000000
5581.333984 0.000000 3393.391846 0.000000 0.887280 0.000000 -0.461231 1.000000 1.000000 1.000000
5677.233887 0.000000 3189.022217 0.000000 0.973071 0.000000 0.230507 1.000000 1.000000 1.000000
5673.396484 0.000000 3176.883789 0.000000 0.998040 0.000000 -0.062572 1.000000 1.000000 1.000000
5710.124512 0.000000 3361.586914 0.000000 0.852878 0.000000 -0.522110 1.000000 1.000000 1.000000
5805.255371 0.000000 3330.969238 0.000000 0.953512 0.000000 0.301354 1.000000 1.000000 1.000000
5805.233887 0.000000 3301.990967 0.000000 0.985390 0.000000 -0.170311 1.000000 1.000000 1.000000
5801.206543 0.000000 3341.121826 0.000000 0.867077 0.000000 -0.498175 1.000000 1.000000 1.000000
5805.901367 0.000000 3333.532471 0.000000 0.963939 0.000000 0.266123 1.000000 1.000000 1.000000
5794.074219 0.000000 3338.097900 0.000000 0.991568 0.000000 -0.129588 1.000000 1.000000 1.000000
5821.449707 0.000000 3342.064209 0.000000 0.968388 0.000000 0.249450 1.000000 1.000000 1.000000
5909.035156 0.000000 3373.295166 0.000000 0.959947 0.000000 -0.280182 1.000000 1.000000 1.000000
5945.915527 0.000000 3343.292969 0.000000 0.850227 0.000000 -0.526416 1.000000 1.000000 1.000000
5889.469238 0.000000 3387.126221 0.000000 0.974902 0.000000 0.222635 1.000000 1.000000 1.000000
5934.444824 0.000000 3383.940430 0.000000 0.978564 0.000000 0.205944 1.000000 1.000000 1.000000
6057.423340 0.000000 3308.515869 0.000000 0.876304 0.000000 -0.481758 1.000000 1.000000 1.000000
5738.581543 0.000000 3464.351807 0.000000 0.886069 0.000000 -0.463554 1.000000 1.000000 1.000000
5798.270996 0.000000 3390.469482 0.000000 0.997383 0.000000 0.072301 1.000000 1.000000 1.000000
5786.661621 0.000000 3410.500244 0.000000 0.973028 0.000000 -0.230688 1.000000 1.000000 1.000000
5797.443359 0.000000 3408.864502 0.000000 0.857979 0.000000 -0.513685 1.000000 1.000000 1.000000
5790.600098 0.000000 3438.766113 0.000000 0.990756 0.000000 -0.135654 1.000000 1.000000 1.000000
5791.949707 0.000000 3423.318604 0.000000 0.980866 0.000000 -0.194686 1.000000 1.000000 1.000000
5827.589355 0.000000 3401.444824 0.000000 0.991719 0.000000 -0.128425 1.000000 1.000000 1.000000
5950.612305 0.000000 3440.702881 0.000000 0.929262 0.000000 -0.369421 1.000000 1.000000 1.000000
5949.524414 0.000000 3451.060303 0.000000 0.991159 0.000000 -0.132677 1.000000 1.000000 1.000000
5944.634766 0.000000 3481.335449 0.000000 0.879890 0.000000 -0.475177 1.000000 1.000000 1.000000
6051.530762 0.000000 3439.651123 0.000000 0.947448 0.000000 -0.319909 1.000000 1.000000 1.000000
6042.840820 0.000000 3472.251221 0.000000 0.972301 0.000000 0.233733 1.000000 1.000000 1.000000
6042.661621 0.000000 3466.984619 0.000000 0.999581 0.000000 0.028952 1.000000 1.000000 1.000000
5948.270508 0.000000 3550.364990 0.000000 0.982159 0.000000 0.188051 1.000000 1.000000 1.000000
5946.133789 0.000000 3529.495605 0.000000 0.997102 0.000000 0.076081 1.000000 1.000000 1.000000
5947.875488 0.000000 3516.237549 0.000000 0.984889 0.000000 0.173188 1.000000 1.000000 1.000000
6042.616699 0.000000 3508.240723 0.000000 0.986419 0.000000 0.164248 1.000000 1.000000 1.000000
6247.675293 0.000000 3387.352051 0.000000 0.969928 0.000000 0.243393 1.000000 1.000000 1.000000
6175.949707 0.000000 3423.318604 0.000000 0.924501 0.000000 -0.381180 1.000000 1.000000 1.000000
6236.282227 0.000000 3425.958496 0.000000 0.985595 0.000000 0.169125 1.000000 1.000000 1.000000
6242.074219 0.000000 3394.582275 0.000000 0.999201 0.000000 -0.039973 1.000000 1.000000 1.000000
6208.073242 0.000000 3427.624023 0.000000 0.996149 0.000000 -0.087678 1.000000 1.000000 1.000000
6240.344727 0.000000 3427.380127 0.000000 0.872044 0.000000 -0.489428 1.000000 1.000000 1.000000
6249.896973 0.000000 3389.090820 0.000000 0.968852 0.000000 0.247639 1.000000 1.000000 1.000000
6300.282227 0.000000 3425.958496 0.000000 0.999663 0.000000 -0.025956 1.000000 1.000000 1.000000
6358.690430 0.000000 3473.563721 0.000000 0.997237 0.000000 0.074291 1.000000 1.000000 1.000000
6345.424316 0.000000 3473.420654 0.000000 0.842571 0.000000 -0.538586 1.000000 1.000000 1.000000
"}
object={
	name="iceberg_generator_1_2"
	clamp_to_water_level=yes
	render_under_water=yes
	generated_content=yes
	layer="semidynamic"
	pdxmesh="iceberg_03_mesh"
	count=99
	transform="434.281342 0.000000 2923.772217 0.000000 0.557129 0.000000 -0.830426 1.000000 1.000000 1.000000
437.811371 0.000000 2922.002197 0.000000 0.584336 0.000000 -0.811512 1.000000 1.000000 1.000000
487.866577 0.000000 2922.406738 0.000000 0.074522 0.000000 -0.997219 1.000000 1.000000 1.000000
480.909119 0.000000 2922.946533 0.000000 0.173113 0.000000 -0.984902 1.000000 1.000000 1.000000
420.590118 0.000000 3003.678467 0.000000 0.238776 0.000000 -0.971075 1.000000 1.000000 1.000000
502.872192 0.000000 3096.490723 0.000000 0.415257 0.000000 -0.909704 1.000000 1.000000 1.000000
497.044586 0.000000 3098.840088 0.000000 0.298774 0.000000 -0.954324 1.000000 1.000000 1.000000
479.949707 0.000000 3084.412354 0.000000 0.579400 0.000000 -0.815044 1.000000 1.000000 1.000000
602.661560 0.000000 3128.078369 0.000000 0.526884 0.000000 -0.849937 1.000000 1.000000 1.000000
690.281311 0.000000 3149.709717 0.000000 0.790302 0.000000 -0.612717 1.000000 1.000000 1.000000
704.354065 0.000000 3154.608398 0.000000 0.400811 0.000000 -0.916161 1.000000 1.000000 1.000000
1012.885193 0.000000 2988.938721 0.000000 0.338887 0.000000 -0.940827 1.000000 1.000000 1.000000
1010.569153 0.000000 2993.161377 0.000000 0.743557 0.000000 -0.668673 1.000000 1.000000 1.000000
997.084961 0.000000 3008.469482 0.000000 0.233395 0.000000 -0.972382 1.000000 1.000000 1.000000
987.974304 0.000000 3025.401367 0.000000 0.047717 0.000000 -0.998861 1.000000 1.000000 1.000000
841.163696 0.000000 3145.941406 0.000000 0.072078 0.000000 -0.997399 1.000000 1.000000 1.000000
843.936890 0.000000 3139.409912 0.000000 0.351916 0.000000 -0.936032 1.000000 1.000000 1.000000
2109.524414 0.000000 2999.185303 0.000000 0.784330 0.000000 -0.620344 1.000000 1.000000 1.000000
2094.271240 0.000000 3030.960449 0.000000 0.318350 0.000000 -0.947973 1.000000 1.000000 1.000000
2118.599365 0.000000 3159.741455 0.000000 0.136884 0.000000 -0.990587 1.000000 1.000000 1.000000
2116.861816 0.000000 3134.595215 0.000000 0.414148 0.000000 -0.910210 1.000000 1.000000 1.000000
2431.097656 0.000000 3089.545410 0.000000 0.216246 0.000000 -0.976339 1.000000 1.000000 1.000000
2425.614258 0.000000 3102.537354 0.000000 0.704498 0.000000 -0.709705 1.000000 1.000000 1.000000
2430.112061 0.000000 3094.074951 0.000000 0.599003 0.000000 -0.800747 1.000000 1.000000 1.000000
2422.803467 0.000000 3108.706787 0.000000 0.550855 0.000000 -0.834601 1.000000 1.000000 1.000000
2418.317383 0.000000 3109.831787 0.000000 0.302333 0.000000 -0.953202 1.000000 1.000000 1.000000
2426.875244 0.000000 3106.795166 0.000000 0.270854 0.000000 -0.962620 1.000000 1.000000 1.000000
2137.924805 0.000000 3216.365479 0.000000 0.725214 0.000000 -0.688523 1.000000 1.000000 1.000000
2121.437988 0.000000 3163.942627 0.000000 0.167821 0.000000 -0.985818 1.000000 1.000000 1.000000
2127.347656 0.000000 3219.893555 0.000000 0.456607 0.000000 -0.889669 1.000000 1.000000 1.000000
2230.803467 0.000000 3278.159912 0.000000 0.189490 0.000000 -0.981883 1.000000 1.000000 1.000000
2234.165039 0.000000 3298.644531 0.000000 0.752648 0.000000 -0.658423 1.000000 1.000000 1.000000
2332.282227 0.000000 3200.020996 0.000000 0.281733 0.000000 -0.959493 1.000000 1.000000 1.000000
2327.427979 0.000000 3212.120361 0.000000 0.418672 0.000000 -0.908137 1.000000 1.000000 1.000000
2335.949707 0.000000 3197.381104 0.000000 0.801385 0.000000 -0.598148 1.000000 1.000000 1.000000
2330.616699 0.000000 3282.303223 0.000000 0.086544 0.000000 -0.996248 1.000000 1.000000 1.000000
4540.270508 0.000000 3380.911865 0.000000 0.359184 0.000000 -0.933267 1.000000 1.000000 1.000000
4516.049805 0.000000 3368.867676 0.000000 0.013061 0.000000 -0.999915 1.000000 1.000000 1.000000
4544.354004 0.000000 3380.545898 0.000000 0.457311 0.000000 -0.889307 1.000000 1.000000 1.000000
4290.164551 0.000000 3521.402832 0.000000 0.288811 0.000000 -0.957386 1.000000 1.000000 1.000000
4344.851562 0.000000 3533.643555 0.000000 0.524817 0.000000 -0.851215 1.000000 1.000000 1.000000
4393.206543 0.000000 3454.090576 0.000000 0.691026 0.000000 -0.722830 1.000000 1.000000 1.000000
4388.590332 0.000000 3455.553467 0.000000 0.138901 0.000000 -0.990306 1.000000 1.000000 1.000000
4365.883301 0.000000 3494.042969 0.000000 0.380986 0.000000 -0.924581 1.000000 1.000000 1.000000
4465.916504 0.000000 3463.336914 0.000000 0.740396 0.000000 -0.672171 1.000000 1.000000 1.000000
4426.276367 0.000000 3466.154297 0.000000 0.492737 0.000000 -0.870179 1.000000 1.000000 1.000000
4579.530762 0.000000 3439.651123 0.000000 0.512305 0.000000 -0.858803 1.000000 1.000000 1.000000
4544.315430 0.000000 3415.488037 0.000000 0.210278 0.000000 -0.977642 1.000000 1.000000 1.000000
4622.124512 0.000000 3248.618164 0.000000 0.473395 0.000000 -0.880850 1.000000 1.000000 1.000000
4612.957031 0.000000 3265.776367 0.000000 0.276810 0.000000 -0.960925 1.000000 1.000000 1.000000
4927.097656 0.000000 3371.967285 0.000000 0.469021 0.000000 -0.883187 1.000000 1.000000 1.000000
4928.290527 0.000000 3366.943359 0.000000 0.377252 0.000000 -0.926111 1.000000 1.000000 1.000000
4949.428223 0.000000 3364.925781 0.000000 0.704085 0.000000 -0.710116 1.000000 1.000000 1.000000
5010.736816 0.000000 3326.214844 0.000000 0.344111 0.000000 -0.938929 1.000000 1.000000 1.000000
5037.060059 0.000000 3318.485596 0.000000 0.126548 0.000000 -0.991960 1.000000 1.000000 1.000000
4714.133789 0.000000 3393.199951 0.000000 0.587138 0.000000 -0.809487 1.000000 1.000000 1.000000
5044.600586 0.000000 3412.276367 0.000000 0.481781 0.000000 -0.876292 1.000000 1.000000 1.000000
5052.270508 0.000000 3437.396240 0.000000 0.022567 0.000000 -0.999745 1.000000 1.000000 1.000000
5049.729980 0.000000 3429.852051 0.000000 0.741432 0.000000 -0.671028 1.000000 1.000000 1.000000
5241.915527 0.000000 3230.324219 0.000000 0.061912 0.000000 -0.998082 1.000000 1.000000 1.000000
5271.427734 0.000000 3212.120361 0.000000 0.165972 0.000000 -0.986130 1.000000 1.000000 1.000000
5248.110840 0.000000 3229.973877 0.000000 0.423514 0.000000 -0.905890 1.000000 1.000000 1.000000
5394.409180 0.000000 3191.534424 0.000000 0.110586 0.000000 -0.993867 1.000000 1.000000 1.000000
5389.333984 0.000000 3223.938721 0.000000 0.150559 0.000000 -0.988601 1.000000 1.000000 1.000000
5502.127441 0.000000 3237.049316 0.000000 0.477442 0.000000 -0.878663 1.000000 1.000000 1.000000
5632.290527 0.000000 3197.490234 0.000000 0.067987 0.000000 -0.997686 1.000000 1.000000 1.000000
5655.427734 0.000000 3212.120361 0.000000 0.666619 0.000000 -0.745399 1.000000 1.000000 1.000000
5741.791016 0.000000 3232.947510 0.000000 0.688792 0.000000 -0.724959 1.000000 1.000000 1.000000
5734.192871 0.000000 3225.316162 0.000000 0.208010 0.000000 -0.978127 1.000000 1.000000 1.000000
5741.901367 0.000000 3277.048096 0.000000 0.300038 0.000000 -0.953927 1.000000 1.000000 1.000000
5812.885254 0.000000 3327.844971 0.000000 0.128719 0.000000 -0.991681 1.000000 1.000000 1.000000
5814.803711 0.000000 3334.644287 0.000000 0.367454 0.000000 -0.930042 1.000000 1.000000 1.000000
5802.133789 0.000000 3336.715576 0.000000 0.710704 0.000000 -0.703491 1.000000 1.000000 1.000000
5834.276367 0.000000 3353.185547 0.000000 0.582674 0.000000 -0.812706 1.000000 1.000000 1.000000
5951.419434 0.000000 3297.965820 0.000000 0.428869 0.000000 -0.903367 1.000000 1.000000 1.000000
5951.097656 0.000000 3315.482910 0.000000 0.654878 0.000000 -0.755735 1.000000 1.000000 1.000000
5953.469238 0.000000 3330.641846 0.000000 0.351035 0.000000 -0.936362 1.000000 1.000000 1.000000
5894.599121 0.000000 3385.678955 0.000000 0.503691 0.000000 -0.863884 1.000000 1.000000 1.000000
5932.186523 0.000000 3380.286377 0.000000 0.333163 0.000000 -0.942869 1.000000 1.000000 1.000000
5951.291016 0.000000 3332.983154 0.000000 0.769135 0.000000 -0.639086 1.000000 1.000000 1.000000
5914.548828 0.000000 3373.891113 0.000000 0.138258 0.000000 -0.990396 1.000000 1.000000 1.000000
5901.883301 0.000000 3381.074219 0.000000 0.677402 0.000000 -0.735613 1.000000 1.000000 1.000000
5988.590332 0.000000 3342.584717 0.000000 0.657439 0.000000 -0.753508 1.000000 1.000000 1.000000
6068.600586 0.000000 3355.791992 0.000000 0.547444 0.000000 -0.836842 1.000000 1.000000 1.000000
6063.844727 0.000000 3339.688477 0.000000 0.756859 0.000000 -0.653578 1.000000 1.000000 1.000000
5684.600586 0.000000 3468.760742 0.000000 0.209923 0.000000 -0.977718 1.000000 1.000000 1.000000
5690.165039 0.000000 3468.097656 0.000000 0.201611 0.000000 -0.979466 1.000000 1.000000 1.000000
5792.264648 0.000000 3410.930908 0.000000 0.440251 0.000000 -0.897875 1.000000 1.000000 1.000000
5792.909180 0.000000 3431.305908 0.000000 0.185696 0.000000 -0.982607 1.000000 1.000000 1.000000
5805.060059 0.000000 3431.454346 0.000000 0.695498 0.000000 -0.718528 1.000000 1.000000 1.000000
5793.638184 0.000000 3435.831055 0.000000 0.498286 0.000000 -0.867013 1.000000 1.000000 1.000000
5780.950195 0.000000 3454.716064 0.000000 0.462115 0.000000 -0.886820 1.000000 1.000000 1.000000
5949.733887 0.000000 3423.272705 0.000000 0.542094 0.000000 -0.840318 1.000000 1.000000 1.000000
5983.430176 0.000000 3399.834473 0.000000 0.370048 0.000000 -0.929013 1.000000 1.000000 1.000000
5945.729980 0.000000 3486.336426 0.000000 0.052221 0.000000 -0.998636 1.000000 1.000000 1.000000
6025.095215 0.000000 3401.049805 0.000000 0.465804 0.000000 -0.884888 1.000000 1.000000 1.000000
5949.524414 0.000000 3507.544678 0.000000 0.563950 0.000000 -0.825809 1.000000 1.000000 1.000000
6035.298340 0.000000 3519.978516 0.000000 0.107693 0.000000 -0.994184 1.000000 1.000000 1.000000
6383.365234 0.000000 3476.350586 0.000000 0.505233 0.000000 -0.862983 1.000000 1.000000 1.000000
"}
