object={
	name="latin_dynamic_mining_objects_generator_1_0"
	clamp_to_water_level=no
	render_under_water=no
	generated_content=yes
	layer="mines_dynamic"
	pdxmesh="latin_mining_coaldepo_01_mesh"
	count=128
	transform="1657.729980 0.000000 2074.227051 0.000000 0.832876 0.000000 0.553459 0.000000 0.000000 0.000000
1654.872192 0.000000 2079.771973 0.000000 0.115137 0.000000 0.993350 0.000000 0.000000 0.000000
1657.614258 0.000000 2085.818604 0.000000 0.499929 0.000000 0.866066 0.000000 0.000000 0.000000
1653.811401 0.000000 2074.736572 0.000000 0.861937 0.000000 0.507015 0.000000 0.000000 0.000000
1653.008667 0.000000 2077.659424 0.000000 0.542830 0.000000 0.839842 0.000000 0.000000 0.000000
1652.503296 0.000000 2087.854980 0.000000 0.072986 0.000000 0.997333 0.000000 0.000000 0.000000
1650.714722 0.000000 2083.910400 0.000000 0.590945 0.000000 0.806712 1.000000 1.000000 1.000000
1654.803467 0.000000 2091.988037 0.000000 0.290756 0.000000 0.956797 0.000000 0.000000 0.000000
1645.901245 0.000000 2090.876221 0.000000 0.675927 0.000000 0.736969 1.000000 1.000000 1.000000
1634.074463 0.000000 2095.441650 0.000000 0.845830 0.000000 0.533452 0.000000 0.000000 0.000000
1657.786499 0.000000 2094.446777 0.000000 0.120278 0.000000 0.992740 0.000000 0.000000 0.000000
1648.446289 0.000000 2100.752686 0.000000 0.931636 0.000000 0.363393 0.000000 0.000000 0.000000
1651.006592 0.000000 2098.366943 0.000000 0.750381 0.000000 0.661006 0.000000 0.000000 0.000000
1643.550903 0.000000 2096.721680 0.000000 0.749292 0.000000 0.662239 1.000000 1.000000 1.000000
1650.542358 0.000000 2095.720459 0.000000 0.209616 0.000000 0.977784 1.000000 1.000000 1.000000
1647.681152 0.000000 2092.823730 0.000000 0.469276 0.000000 0.883051 1.000000 1.000000 1.000000
1760.264404 0.000000 2055.305908 0.000000 0.332687 0.000000 0.943037 1.000000 1.000000 1.000000
1769.423462 0.000000 2065.859619 0.000000 0.536015 0.000000 0.844208 0.000000 0.000000 0.000000
1747.921631 0.000000 2057.762939 0.000000 0.573184 0.000000 0.819427 0.000000 0.000000 0.000000
1759.430420 0.000000 2044.209473 0.000000 0.909294 0.000000 0.416154 0.000000 0.000000 0.000000
1761.639404 0.000000 2063.475098 0.000000 0.884752 0.000000 0.466062 1.000000 1.000000 1.000000
1742.124634 0.000000 2062.446289 0.000000 0.587341 0.000000 0.809340 0.000000 0.000000 0.000000
1750.690430 0.000000 2061.454346 0.000000 0.790143 0.000000 0.612922 1.000000 1.000000 1.000000
1744.913574 0.000000 2066.007568 0.000000 0.857661 0.000000 0.514215 0.000000 0.000000 0.000000
1746.408936 0.000000 2061.846924 0.000000 0.901622 0.000000 0.432526 1.000000 1.000000 1.000000
1759.822266 0.000000 2059.498535 0.000000 0.615424 0.000000 0.788196 1.000000 1.000000 1.000000
1740.652466 0.000000 2058.864258 0.000000 0.285916 0.000000 0.958255 0.000000 0.000000 0.000000
1756.682983 0.000000 2046.871460 0.000000 0.763869 0.000000 0.645371 0.000000 0.000000 0.000000
1764.675659 0.000000 2066.279541 0.000000 0.741781 0.000000 0.670642 0.000000 0.000000 0.000000
1752.763672 0.000000 2064.168701 0.000000 0.283015 0.000000 0.959116 0.000000 0.000000 0.000000
1767.553711 0.000000 2050.639893 0.000000 0.379248 0.000000 0.925295 0.000000 0.000000 0.000000
1755.115234 0.000000 2062.721191 0.000000 0.667677 0.000000 0.744451 1.000000 1.000000 1.000000
1744.003174 0.000000 2060.740234 0.000000 0.360244 0.000000 0.932858 0.000000 0.000000 0.000000
1766.985352 0.000000 2065.302002 0.000000 0.870980 0.000000 0.491319 1.000000 1.000000 1.000000
1716.885132 0.000000 2141.673096 0.000000 0.467730 0.000000 0.883871 0.000000 0.000000 0.000000
1697.639404 0.000000 2119.959473 0.000000 0.206403 0.000000 0.978467 0.000000 0.000000 0.000000
1708.186279 0.000000 2137.630127 0.000000 0.580791 0.000000 0.814053 1.000000 1.000000 1.000000
1700.050049 0.000000 2126.211426 0.000000 0.334393 0.000000 0.942434 0.000000 0.000000 0.000000
1709.059937 0.000000 2132.313721 0.000000 0.829701 0.000000 0.558209 1.000000 1.000000 1.000000
1695.949707 0.000000 2124.177979 0.000000 0.065084 0.000000 0.997880 0.000000 0.000000 0.000000
1697.638062 0.000000 2136.690430 0.000000 0.111044 0.000000 0.993815 0.000000 0.000000 0.000000
1725.935669 0.000000 2119.951904 0.000000 0.812048 0.000000 0.583590 0.000000 0.000000 0.000000
1726.018555 0.000000 2115.816895 0.000000 0.873401 0.000000 0.487001 0.000000 0.000000 0.000000
1698.996948 0.000000 2145.885254 0.000000 0.126363 0.000000 0.991984 1.000000 1.000000 1.000000
1713.158813 0.000000 2124.550293 0.000000 0.470735 0.000000 0.882275 1.000000 1.000000 1.000000
1708.877319 0.000000 2123.708740 0.000000 0.567483 0.000000 0.823385 0.000000 0.000000 0.000000
1711.152222 0.000000 2135.392578 0.000000 0.844883 0.000000 0.534951 0.000000 0.000000 0.000000
1712.763550 0.000000 2129.728271 0.000000 0.613411 0.000000 0.789764 1.000000 1.000000 1.000000
1700.675659 0.000000 2122.763916 0.000000 0.048390 0.000000 0.998829 0.000000 0.000000 0.000000
1703.131470 0.000000 2124.901123 0.000000 0.538848 0.000000 0.842403 1.000000 1.000000 1.000000
1696.693359 0.000000 2141.910156 0.000000 0.456211 0.000000 0.889872 0.000000 0.000000 0.000000
1702.737793 0.000000 2128.399658 0.000000 0.073491 0.000000 0.997296 0.000000 0.000000 0.000000
1705.246460 0.000000 2138.233643 0.000000 0.161552 0.000000 0.986864 0.000000 0.000000 0.000000
1706.451904 0.000000 2124.855957 0.000000 0.328340 0.000000 0.944560 0.000000 0.000000 0.000000
1714.714722 0.000000 2140.394775 0.000000 0.109474 0.000000 0.993990 1.000000 1.000000 1.000000
1710.584106 0.000000 2138.702393 0.000000 0.452095 0.000000 0.891970 1.000000 1.000000 1.000000
1760.264404 0.000000 2111.790283 0.000000 0.915416 0.000000 0.402508 1.000000 1.000000 1.000000
1761.639404 0.000000 2119.959473 0.000000 0.261890 0.000000 0.965098 0.000000 0.000000 0.000000
1728.315308 0.000000 2116.347412 0.000000 0.932809 0.000000 0.360372 0.000000 0.000000 0.000000
1754.840820 0.000000 2116.626221 0.000000 0.384710 0.000000 0.923038 0.000000 0.000000 0.000000
1747.298462 0.000000 2107.869141 0.000000 0.252404 0.000000 0.967622 0.000000 0.000000 0.000000
1758.773926 0.000000 2106.393555 0.000000 0.728496 0.000000 0.685050 0.000000 0.000000 0.000000
1754.661499 0.000000 2111.359619 0.000000 0.833192 0.000000 0.552984 0.000000 0.000000 0.000000
1745.893799 0.000000 2103.236572 0.000000 0.176093 0.000000 0.984374 0.000000 0.000000 0.000000
1750.690430 0.000000 2117.938721 0.000000 0.066268 0.000000 0.997802 1.000000 1.000000 1.000000
1737.424194 0.000000 2117.795654 0.000000 0.438116 0.000000 0.898918 1.000000 1.000000 1.000000
1759.822266 0.000000 2115.982910 0.000000 0.848169 0.000000 0.529726 1.000000 1.000000 1.000000
1750.003418 0.000000 2103.624268 0.000000 0.513023 0.000000 0.858375 0.000000 0.000000 0.000000
1738.276367 0.000000 2110.529297 0.000000 0.170031 0.000000 0.985439 0.000000 0.000000 0.000000
1740.652466 0.000000 2115.348633 0.000000 0.512417 0.000000 0.858737 0.000000 0.000000 0.000000
1761.456543 0.000000 2103.846680 0.000000 0.221134 0.000000 0.975243 0.000000 0.000000 0.000000
1756.682983 0.000000 2103.355713 0.000000 0.735686 0.000000 0.677323 0.000000 0.000000 0.000000
1763.651001 0.000000 2112.864258 0.000000 0.358673 0.000000 0.933463 0.000000 0.000000 0.000000
1752.763672 0.000000 2120.653076 0.000000 0.888191 0.000000 0.459474 0.000000 0.000000 0.000000
1732.219482 0.000000 2122.555908 0.000000 0.293649 0.000000 0.955913 0.000000 0.000000 0.000000
1728.205078 0.000000 2112.340576 0.000000 0.309220 0.000000 0.950990 0.000000 0.000000 0.000000
1748.724731 0.000000 2119.622314 0.000000 0.457817 0.000000 0.889046 0.000000 0.000000 0.000000
1752.755737 0.000000 2109.270996 0.000000 0.353532 0.000000 0.935423 1.000000 1.000000 1.000000
1586.281372 0.000000 2245.959717 0.000000 0.541667 0.000000 0.840593 0.000000 0.000000 0.000000
1552.020752 0.000000 2247.118896 0.000000 0.630627 0.000000 0.776086 0.000000 0.000000 0.000000
1545.163696 0.000000 2242.191406 0.000000 0.586184 0.000000 0.810178 0.000000 0.000000 0.000000
1541.003174 0.000000 2239.018555 0.000000 0.454846 0.000000 0.890570 0.000000 0.000000 0.000000
1552.913574 0.000000 2235.460693 0.000000 0.097021 0.000000 0.995282 0.000000 0.000000 0.000000
1554.408936 0.000000 2231.300049 0.000000 0.720124 0.000000 0.693845 0.000000 0.000000 0.000000
1549.646240 0.000000 2243.636963 0.000000 0.844783 0.000000 0.535109 0.000000 0.000000 0.000000
1583.152222 0.000000 2248.361328 0.000000 0.022050 0.000000 0.999757 0.000000 0.000000 0.000000
1553.216431 0.000000 2242.771973 0.000000 0.748463 0.000000 0.663177 0.000000 0.000000 0.000000
1542.113892 0.000000 2241.849121 0.000000 0.879867 0.000000 0.475220 0.000000 0.000000 0.000000
1547.714111 0.000000 2240.893799 0.000000 0.556896 0.000000 0.830582 0.000000 0.000000 0.000000
1550.569336 0.000000 2236.659424 0.000000 0.896870 0.000000 0.442294 0.000000 0.000000 0.000000
1556.724731 0.000000 2232.591064 0.000000 0.893433 0.000000 0.449196 1.000000 1.000000 1.000000
1557.175049 0.000000 2238.108643 0.000000 0.493407 0.000000 0.869799 0.000000 0.000000 0.000000
1552.687988 0.000000 2238.075684 0.000000 0.893945 0.000000 0.448176 1.000000 1.000000 1.000000
1694.802368 0.000000 2146.467285 0.000000 0.557675 0.000000 0.830059 0.000000 0.000000 0.000000
1702.270874 0.000000 2147.813232 0.000000 0.898435 0.000000 0.439106 0.000000 0.000000 0.000000
1702.192993 0.000000 2152.113037 0.000000 0.212514 0.000000 0.977158 0.000000 0.000000 0.000000
1694.227295 0.000000 2150.963623 0.000000 0.289233 0.000000 0.957259 0.000000 0.000000 0.000000
1460.600708 0.000000 2282.588867 0.000000 0.157409 0.000000 0.987534 1.000000 1.000000 1.000000
1471.683594 0.000000 2272.415527 0.000000 0.719563 0.000000 0.694427 1.000000 1.000000 1.000000
1460.449829 0.000000 2292.135498 0.000000 0.908339 0.000000 0.418236 0.000000 0.000000 0.000000
1469.524414 0.000000 2264.888428 0.000000 0.163508 0.000000 0.986542 0.000000 0.000000 0.000000
1462.117310 0.000000 2266.396484 0.000000 0.603307 0.000000 0.797509 0.000000 0.000000 0.000000
1466.165039 0.000000 2281.925781 0.000000 0.903696 0.000000 0.428174 0.000000 0.000000 0.000000
1454.917847 0.000000 2280.689697 0.000000 0.505821 0.000000 0.862638 0.000000 0.000000 0.000000
1470.127319 0.000000 2276.814941 0.000000 0.676348 0.000000 0.736582 1.000000 1.000000 1.000000
1470.018555 0.000000 2285.270020 0.000000 0.795274 0.000000 0.606250 1.000000 1.000000 1.000000
1454.165649 0.000000 2276.917236 0.000000 0.716088 0.000000 0.698010 0.000000 0.000000 0.000000
1462.469360 0.000000 2269.529053 0.000000 0.513675 0.000000 0.857985 0.000000 0.000000 0.000000
1458.335327 0.000000 2280.268066 0.000000 0.223025 0.000000 0.974813 1.000000 1.000000 1.000000
1468.880859 0.000000 2282.604736 0.000000 0.101043 0.000000 0.994882 1.000000 1.000000 1.000000
1467.206421 0.000000 2289.355713 0.000000 0.070641 0.000000 0.997502 0.000000 0.000000 0.000000
1469.258179 0.000000 2271.389404 0.000000 0.238811 0.000000 0.971066 0.000000 0.000000 0.000000
1467.279419 0.000000 2284.576416 0.000000 0.695979 0.000000 0.718062 1.000000 1.000000 1.000000
1471.940552 0.000000 2278.824463 0.000000 0.181748 0.000000 0.983345 1.000000 1.000000 1.000000
1479.651001 0.000000 2276.862305 0.000000 0.806438 0.000000 0.591319 0.000000 0.000000 0.000000
1476.861816 0.000000 2287.329590 0.000000 0.856724 0.000000 0.515775 0.000000 0.000000 0.000000
1475.605225 0.000000 2282.651611 0.000000 0.824203 0.000000 0.566295 1.000000 1.000000 1.000000
1473.602173 0.000000 2289.748291 0.000000 0.551319 0.000000 0.834294 0.000000 0.000000 0.000000
1472.522339 0.000000 2275.077148 0.000000 0.906449 0.000000 0.422315 1.000000 1.000000 1.000000
1543.693237 0.000000 2291.207520 0.000000 0.565147 0.000000 0.824990 0.000000 0.000000 0.000000
1536.315308 0.000000 2285.800537 0.000000 0.756213 0.000000 0.654326 0.000000 0.000000 0.000000
1550.124634 0.000000 2288.383789 0.000000 0.678171 0.000000 0.734904 0.000000 0.000000 0.000000
1558.690430 0.000000 2287.391846 0.000000 0.284794 0.000000 0.958589 0.000000 0.000000 0.000000
1546.276367 0.000000 2279.982422 0.000000 0.912482 0.000000 0.409117 0.000000 0.000000 0.000000
1548.652466 0.000000 2284.801758 0.000000 0.689095 0.000000 0.724671 0.000000 0.000000 0.000000
1552.310547 0.000000 2284.169678 0.000000 0.673789 0.000000 0.738924 1.000000 1.000000 1.000000
1559.871582 0.000000 2298.855957 0.000000 0.923743 0.000000 0.383012 1.000000 1.000000 1.000000
1557.175049 0.000000 2294.593018 0.000000 0.532593 0.000000 0.846371 1.000000 1.000000 1.000000
"}
object={
	name="latin_dynamic_mining_objects_generator_1_1"
	clamp_to_water_level=no
	render_under_water=no
	generated_content=yes
	layer="mines_dynamic"
	pdxmesh="generic_rural_mining_coaldepo_02_mesh"
	count=100
	transform="1650.281372 0.000000 2076.506592 0.000000 0.979196 0.000000 -0.202915 0.000000 0.000000 0.000000
1649.044556 0.000000 2082.121338 0.000000 0.971783 0.000000 0.235875 0.000000 0.000000 0.000000
1658.308594 0.000000 2078.037109 0.000000 0.983597 0.000000 -0.180382 0.000000 0.000000 0.000000
1647.152222 0.000000 2078.908203 0.000000 0.878481 0.000000 -0.477777 0.000000 0.000000 0.000000
1655.010986 0.000000 2088.390381 0.000000 0.952169 0.000000 0.305571 0.000000 0.000000 0.000000
1650.616577 0.000000 2079.490723 0.000000 0.987168 0.000000 0.159687 1.000000 1.000000 1.000000
1647.961792 0.000000 2088.697510 0.000000 0.951281 0.000000 -0.308325 1.000000 1.000000 1.000000
1641.206665 0.000000 2098.465576 0.000000 0.895579 0.000000 -0.444903 0.000000 0.000000 0.000000
1651.915527 0.000000 2101.963135 0.000000 0.913154 0.000000 -0.407615 0.000000 0.000000 0.000000
1638.270874 0.000000 2091.328857 0.000000 0.996412 0.000000 0.084636 0.000000 0.000000 0.000000
1654.117310 0.000000 2096.943359 0.000000 0.998777 0.000000 -0.049444 0.000000 0.000000 0.000000
1642.133911 0.000000 2094.059326 0.000000 0.999918 0.000000 -0.012813 1.000000 1.000000 1.000000
1645.456909 0.000000 2094.135498 0.000000 0.953411 0.000000 -0.301675 1.000000 1.000000 1.000000
1754.840820 0.000000 2060.141846 0.000000 0.831105 0.000000 -0.556115 1.000000 1.000000 1.000000
1765.084961 0.000000 2048.235107 0.000000 0.974369 0.000000 0.224957 0.000000 0.000000 0.000000
1766.465210 0.000000 2058.535156 0.000000 0.995995 0.000000 -0.089412 1.000000 1.000000 1.000000
1755.974365 0.000000 2065.166992 0.000000 0.996678 0.000000 0.081448 0.000000 0.000000 0.000000
1765.443237 0.000000 2053.239502 0.000000 0.967378 0.000000 -0.253339 1.000000 1.000000 1.000000
1769.764648 0.000000 2061.761719 0.000000 0.957192 0.000000 -0.289453 0.000000 0.000000 0.000000
1764.219849 0.000000 2073.594971 0.000000 0.971828 0.000000 -0.235691 0.000000 0.000000 0.000000
1751.828003 0.000000 2057.614258 0.000000 0.999855 0.000000 -0.017003 0.000000 0.000000 0.000000
1744.310547 0.000000 2058.232178 0.000000 0.999971 0.000000 -0.007630 0.000000 0.000000 0.000000
1757.234741 0.000000 2057.146240 0.000000 0.933043 0.000000 -0.359765 1.000000 1.000000 1.000000
1763.373291 0.000000 2060.380859 0.000000 0.924720 0.000000 -0.380648 0.000000 0.000000 0.000000
1758.089844 0.000000 2062.372803 0.000000 0.978697 0.000000 0.205312 1.000000 1.000000 1.000000
1757.587891 0.000000 2053.105225 0.000000 0.919221 0.000000 -0.393741 1.000000 1.000000 1.000000
1758.841187 0.000000 2065.069580 0.000000 0.994026 0.000000 0.109143 0.000000 0.000000 0.000000
1761.496704 0.000000 2057.668213 0.000000 0.992842 0.000000 0.119436 1.000000 1.000000 1.000000
1763.024292 0.000000 2054.009521 0.000000 0.883250 0.000000 -0.468902 1.000000 1.000000 1.000000
1692.282104 0.000000 2126.817871 0.000000 0.915665 0.000000 -0.401943 0.000000 0.000000 0.000000
1714.281372 0.000000 2132.990967 0.000000 1.000000 0.000000 0.000969 0.000000 0.000000 0.000000
1699.530884 0.000000 2140.510498 0.000000 0.975217 0.000000 0.221253 0.000000 0.000000 0.000000
1716.449829 0.000000 2122.682373 0.000000 0.993349 0.000000 0.115145 0.000000 0.000000 0.000000
1703.866577 0.000000 2131.625488 0.000000 0.999682 0.000000 0.025218 1.000000 1.000000 1.000000
1710.271362 0.000000 2127.210449 0.000000 0.904843 0.000000 -0.425744 1.000000 1.000000 1.000000
1696.909058 0.000000 2132.165283 0.000000 0.995325 0.000000 -0.096582 0.000000 0.000000 0.000000
1695.273193 0.000000 2144.798340 0.000000 0.992678 0.000000 -0.120789 0.000000 0.000000 0.000000
1713.044556 0.000000 2138.605713 0.000000 0.855374 0.000000 -0.518010 0.000000 0.000000 0.000000
1702.720825 0.000000 2136.656494 0.000000 0.980353 0.000000 0.197253 1.000000 1.000000 1.000000
1717.811401 0.000000 2131.220947 0.000000 0.828900 0.000000 -0.559397 0.000000 0.000000 0.000000
1710.444580 0.000000 2141.284180 0.000000 0.960498 0.000000 0.278286 0.000000 0.000000 0.000000
1700.176392 0.000000 2133.941406 0.000000 0.999079 0.000000 -0.042905 1.000000 1.000000 1.000000
1693.536743 0.000000 2129.935059 0.000000 0.979851 0.000000 0.199730 0.000000 0.000000 0.000000
1708.084717 0.000000 2120.665771 0.000000 0.965675 0.000000 -0.259754 0.000000 0.000000 0.000000
1717.610352 0.000000 2125.414795 0.000000 0.996400 0.000000 -0.084771 0.000000 0.000000 0.000000
1714.616577 0.000000 2135.975098 0.000000 0.954342 0.000000 -0.298715 0.000000 0.000000 0.000000
1700.100952 0.000000 2137.783203 0.000000 0.997814 0.000000 0.066091 1.000000 1.000000 1.000000
1702.885986 0.000000 2134.083496 0.000000 0.998676 0.000000 -0.051437 1.000000 1.000000 1.000000
1709.601929 0.000000 2129.846924 0.000000 0.999863 0.000000 0.016581 1.000000 1.000000 1.000000
1711.560791 0.000000 2132.685547 0.000000 0.936788 0.000000 -0.349897 0.000000 0.000000 0.000000
1694.667969 0.000000 2126.303223 0.000000 0.886971 0.000000 -0.461826 1.000000 1.000000 1.000000
1713.258545 0.000000 2127.378906 0.000000 0.910396 0.000000 -0.413737 1.000000 1.000000 1.000000
1728.290283 0.000000 2124.287109 0.000000 0.934897 0.000000 -0.354920 0.000000 0.000000 0.000000
1741.467529 0.000000 2105.477051 0.000000 0.975839 0.000000 0.218489 0.000000 0.000000 0.000000
1753.268799 0.000000 2106.331055 0.000000 0.968638 0.000000 0.248478 0.000000 0.000000 0.000000
1755.974365 0.000000 2121.651367 0.000000 0.953127 0.000000 -0.302572 0.000000 0.000000 0.000000
1731.605225 0.000000 2113.198486 0.000000 0.939853 0.000000 0.341579 1.000000 1.000000 1.000000
1729.602173 0.000000 2120.295166 0.000000 0.995317 0.000000 -0.096668 0.000000 0.000000 0.000000
1733.963745 0.000000 2110.620850 0.000000 0.993043 0.000000 -0.117752 0.000000 0.000000 0.000000
1757.234741 0.000000 2113.630615 0.000000 0.998979 0.000000 -0.045170 0.000000 0.000000 0.000000
1758.089844 0.000000 2118.857178 0.000000 0.952425 0.000000 0.304772 0.000000 0.000000 0.000000
1757.587891 0.000000 2109.589600 0.000000 0.998880 0.000000 -0.047311 0.000000 0.000000 0.000000
1740.424805 0.000000 2108.341553 0.000000 0.944379 0.000000 0.328858 0.000000 0.000000 0.000000
1750.343750 0.000000 2107.314209 0.000000 0.977853 0.000000 0.209293 1.000000 1.000000 1.000000
1733.178101 0.000000 2115.291992 0.000000 0.948482 0.000000 0.316831 1.000000 1.000000 1.000000
1755.115234 0.000000 2119.205566 0.000000 0.999971 0.000000 -0.007592 1.000000 1.000000 1.000000
1563.974365 0.000000 2234.620117 0.000000 0.993801 0.000000 -0.111172 0.000000 0.000000 0.000000
1554.852783 0.000000 2239.498047 0.000000 0.919098 0.000000 -0.394029 1.000000 1.000000 1.000000
1545.424194 0.000000 2230.764404 0.000000 0.991702 0.000000 0.128558 0.000000 0.000000 0.000000
1589.811401 0.000000 2244.189697 0.000000 0.991589 0.000000 0.129423 0.000000 0.000000 0.000000
1543.290527 0.000000 2245.735840 0.000000 0.999890 0.000000 0.014857 0.000000 0.000000 0.000000
1545.807983 0.000000 2238.596191 0.000000 0.996224 0.000000 -0.086818 0.000000 0.000000 0.000000
1584.763550 0.000000 2242.697021 0.000000 0.942403 0.000000 -0.334480 0.000000 0.000000 0.000000
1560.763672 0.000000 2233.621826 0.000000 0.996065 0.000000 0.088621 1.000000 1.000000 1.000000
1555.150757 0.000000 2236.652100 0.000000 0.903974 0.000000 -0.427587 0.000000 0.000000 0.000000
1705.897095 0.000000 2146.434570 0.000000 0.873551 0.000000 -0.486732 0.000000 0.000000 0.000000
1700.294800 0.000000 2150.062988 0.000000 0.994142 0.000000 -0.108087 1.000000 1.000000 1.000000
1695.881958 0.000000 2149.055664 0.000000 0.898035 0.000000 -0.439924 1.000000 1.000000 1.000000
1471.419312 0.000000 2281.247070 0.000000 0.938420 0.000000 0.345496 1.000000 1.000000 1.000000
1453.233887 0.000000 2285.272217 0.000000 0.825094 0.000000 -0.564995 0.000000 0.000000 0.000000
1457.916626 0.000000 2277.165039 0.000000 0.931151 0.000000 -0.364634 0.000000 0.000000 0.000000
1464.634888 0.000000 2295.163574 0.000000 0.892191 0.000000 -0.451659 0.000000 0.000000 0.000000
1459.521606 0.000000 2287.383789 0.000000 0.956528 0.000000 0.291640 0.000000 0.000000 0.000000
1461.757935 0.000000 2278.739746 0.000000 0.831629 0.000000 -0.555332 0.000000 0.000000 0.000000
1457.158813 0.000000 2294.003418 0.000000 0.848708 0.000000 -0.528861 0.000000 0.000000 0.000000
1456.887695 0.000000 2284.250488 0.000000 0.855147 0.000000 -0.518385 1.000000 1.000000 1.000000
1469.449707 0.000000 2268.861084 0.000000 0.996410 0.000000 -0.084664 0.000000 0.000000 0.000000
1452.877319 0.000000 2293.161865 0.000000 0.882059 0.000000 -0.471139 0.000000 0.000000 0.000000
1462.496216 0.000000 2288.683838 0.000000 0.953945 0.000000 -0.299982 0.000000 0.000000 0.000000
1456.015381 0.000000 2287.156494 0.000000 0.871913 0.000000 -0.489660 0.000000 0.000000 0.000000
1461.610352 0.000000 2294.867920 0.000000 0.999714 0.000000 -0.023928 0.000000 0.000000 0.000000
1459.409058 0.000000 2284.861328 0.000000 0.956027 0.000000 0.293279 1.000000 1.000000 1.000000
1472.315308 0.000000 2285.800537 0.000000 0.999949 0.000000 -0.010147 0.000000 0.000000 0.000000
1472.205078 0.000000 2281.793701 0.000000 0.869111 0.000000 -0.494618 1.000000 1.000000 1.000000
1474.873169 0.000000 2285.665283 0.000000 0.999793 0.000000 0.020343 0.000000 0.000000 0.000000
1564.282104 0.000000 2296.270996 0.000000 0.977159 0.000000 0.212510 0.000000 0.000000 0.000000
1568.344604 0.000000 2297.692627 0.000000 0.900854 0.000000 -0.434121 0.000000 0.000000 0.000000
1540.219482 0.000000 2292.009033 0.000000 0.995906 0.000000 -0.090391 0.000000 0.000000 0.000000
1542.113892 0.000000 2298.333496 0.000000 0.937099 0.000000 -0.349064 0.000000 0.000000 0.000000
1547.714111 0.000000 2297.378174 0.000000 0.994472 0.000000 0.104998 0.000000 0.000000 0.000000
"}
object={
	name="latin_dynamic_mining_objects_generator_1_2"
	clamp_to_water_level=no
	render_under_water=no
	generated_content=yes
	layer="mines_dynamic"
	pdxmesh="generic_rural_mining_pile_01_mesh"
	count=24
	transform="1650.569214 0.000000 2089.411377 0.000000 0.707066 0.000000 -0.707147 1.000000 1.000000 1.000000
1647.844604 0.000000 2097.032227 0.000000 0.751087 0.000000 -0.660203 1.000000 1.000000 1.000000
1650.317383 0.000000 2093.113037 0.000000 0.783047 0.000000 -0.621963 1.000000 1.000000 1.000000
1652.340698 0.000000 2090.258057 0.000000 0.776309 0.000000 -0.630352 1.000000 1.000000 1.000000
1758.773926 0.000000 2049.909180 0.000000 0.681442 0.000000 -0.731872 0.000000 0.000000 0.000000
1765.993652 0.000000 2063.000732 0.000000 0.791949 0.000000 -0.610587 1.000000 1.000000 1.000000
1762.040283 0.000000 2051.742432 0.000000 0.765932 0.000000 -0.642922 0.000000 0.000000 0.000000
1761.456543 0.000000 2047.362427 0.000000 0.699153 0.000000 -0.714972 0.000000 0.000000 0.000000
1763.651001 0.000000 2056.379883 0.000000 0.805860 0.000000 -0.592106 1.000000 1.000000 1.000000
1754.616211 0.000000 2057.520020 0.000000 0.782033 0.000000 -0.623237 1.000000 1.000000 1.000000
1748.386963 0.000000 2060.234619 0.000000 0.777125 0.000000 -0.629347 1.000000 1.000000 1.000000
1705.606079 0.000000 2127.403320 0.000000 0.767086 0.000000 -0.641545 0.000000 0.000000 0.000000
1696.344604 0.000000 2128.239502 0.000000 0.676806 0.000000 -0.736161 1.000000 1.000000 1.000000
1753.550537 0.000000 2101.523193 0.000000 0.779082 0.000000 -0.626922 0.000000 0.000000 0.000000
1767.553711 0.000000 2107.124268 0.000000 0.732648 0.000000 -0.680608 0.000000 0.000000 0.000000
1755.921387 0.000000 2105.877686 0.000000 0.782747 0.000000 -0.622340 0.000000 0.000000 0.000000
1747.875488 0.000000 2105.370605 0.000000 0.791229 0.000000 -0.611520 0.000000 0.000000 0.000000
1748.386963 0.000000 2116.718994 0.000000 0.736698 0.000000 -0.676222 1.000000 1.000000 1.000000
1703.590698 0.000000 2150.021484 0.000000 0.700724 0.000000 -0.713433 1.000000 1.000000 1.000000
1469.935669 0.000000 2289.405029 0.000000 0.683210 0.000000 -0.730222 0.000000 0.000000 0.000000
1462.755981 0.000000 2285.470459 0.000000 0.779093 0.000000 -0.626908 1.000000 1.000000 1.000000
1458.278564 0.000000 2290.083984 0.000000 0.798239 0.000000 -0.602341 0.000000 0.000000 0.000000
1463.542480 0.000000 2282.504883 0.000000 0.753303 0.000000 -0.657674 1.000000 1.000000 1.000000
1559.654907 0.000000 2293.030518 0.000000 0.800750 0.000000 -0.598999 1.000000 1.000000 1.000000
"}
object={
	name="latin_dynamic_mining_objects_generator_1_3"
	clamp_to_water_level=no
	render_under_water=no
	generated_content=yes
	layer="mines_dynamic"
	pdxmesh="generic_rural_mining_pile_02_mesh"
	count=21
	transform="1649.605835 0.000000 2086.291260 0.000000 0.501248 0.000000 -0.865304 0.000000 0.000000 0.000000
1748.724731 0.000000 2063.137939 0.000000 0.496000 0.000000 -0.868322 1.000000 1.000000 1.000000
1715.720459 0.000000 2127.793701 0.000000 0.524890 0.000000 -0.851170 1.000000 1.000000 1.000000
1701.993652 0.000000 2119.485107 0.000000 0.545547 0.000000 -0.838080 0.000000 0.000000 0.000000
1747.921631 0.000000 2114.247314 0.000000 0.556800 0.000000 -0.830647 0.000000 0.000000 0.000000
1762.040283 0.000000 2108.226807 0.000000 0.490314 0.000000 -0.871546 0.000000 0.000000 0.000000
1761.496704 0.000000 2114.152588 0.000000 0.624446 0.000000 -0.781068 0.000000 0.000000 0.000000
1557.428101 0.000000 2235.238281 0.000000 0.606102 0.000000 -0.795387 0.000000 0.000000 0.000000
1550.124634 0.000000 2231.899414 0.000000 0.563251 0.000000 -0.826286 0.000000 0.000000 0.000000
1546.748779 0.000000 2245.083496 0.000000 0.544731 0.000000 -0.838611 0.000000 0.000000 0.000000
1547.443359 0.000000 2232.877686 0.000000 0.609934 0.000000 -0.792452 0.000000 0.000000 0.000000
1466.134033 0.000000 2286.839355 0.000000 0.633754 0.000000 -0.773535 1.000000 1.000000 1.000000
1459.720459 0.000000 2297.246826 0.000000 0.614487 0.000000 -0.788927 0.000000 0.000000 0.000000
1454.630737 0.000000 2283.151611 0.000000 0.591841 0.000000 -0.806055 0.000000 0.000000 0.000000
1474.164551 0.000000 2278.746582 0.000000 0.488494 0.000000 -0.872567 1.000000 1.000000 1.000000
1472.110718 0.000000 2269.739502 0.000000 0.617491 0.000000 -0.786578 0.000000 0.000000 0.000000
1550.146729 0.000000 2281.228516 0.000000 0.473427 0.000000 -0.880833 0.000000 0.000000 0.000000
1545.163696 0.000000 2298.675781 0.000000 0.592416 0.000000 -0.805632 1.000000 1.000000 1.000000
1567.949707 0.000000 2293.631104 0.000000 0.526187 0.000000 -0.850369 0.000000 0.000000 0.000000
1539.605225 0.000000 2282.651611 0.000000 0.599677 0.000000 -0.800242 0.000000 0.000000 0.000000
1562.132568 0.000000 2293.826904 0.000000 0.572670 0.000000 -0.819786 0.000000 0.000000 0.000000
"}
object={
	name="latin_dynamic_mining_objects_generator_1_4"
	clamp_to_water_level=no
	render_under_water=no
	generated_content=yes
	layer="mines_dynamic"
	pdxmesh="generic_rural_mining_entrance_01_mesh"
	count=23
	transform="1652.885132 0.000000 2085.188721 0.000000 0.379461 0.000000 -0.925208 1.000000 1.000000 1.000000
1652.391968 0.000000 2081.824219 0.000000 0.320617 0.000000 -0.947209 1.000000 1.000000 1.000000
1638.192993 0.000000 2095.628662 0.000000 0.252035 0.000000 -0.967718 0.000000 0.000000 0.000000
1644.817139 0.000000 2099.447754 0.000000 0.445132 0.000000 -0.895465 0.000000 0.000000 0.000000
1652.968994 0.000000 2094.279785 0.000000 0.281028 0.000000 -0.959700 0.000000 0.000000 0.000000
1749.428101 0.000000 2065.785156 0.000000 0.340462 0.000000 -0.940258 1.000000 1.000000 1.000000
1754.661499 0.000000 2054.875244 0.000000 0.422228 0.000000 -0.906490 0.000000 0.000000 0.000000
1767.131470 0.000000 2068.416748 0.000000 0.399870 0.000000 -0.916572 0.000000 0.000000 0.000000
1705.423462 0.000000 2122.343994 0.000000 0.323519 0.000000 -0.946222 0.000000 0.000000 0.000000
1700.219849 0.000000 2130.079346 0.000000 0.388547 0.000000 -0.921429 1.000000 1.000000 1.000000
1713.605835 0.000000 2142.775635 0.000000 0.351861 0.000000 -0.936052 0.000000 0.000000 0.000000
1698.441895 0.000000 2123.885254 0.000000 0.398191 0.000000 -0.917302 0.000000 0.000000 0.000000
1750.596802 0.000000 2110.453125 0.000000 0.454718 0.000000 -0.890636 0.000000 0.000000 0.000000
1706.133911 0.000000 2150.543701 0.000000 0.392715 0.000000 -0.919660 0.000000 0.000000 0.000000
1464.851562 0.000000 2290.987305 0.000000 0.315631 0.000000 -0.948882 0.000000 0.000000 0.000000
1468.546265 0.000000 2287.314697 0.000000 0.378947 0.000000 -0.925418 1.000000 1.000000 1.000000
1472.974365 0.000000 2272.082764 0.000000 0.298465 0.000000 -0.954421 0.000000 0.000000 0.000000
1557.428101 0.000000 2291.722656 0.000000 0.323115 0.000000 -0.946360 0.000000 0.000000 0.000000
1559.538208 0.000000 2295.661865 0.000000 0.257232 0.000000 -0.966350 1.000000 1.000000 1.000000
1537.602173 0.000000 2289.748291 0.000000 0.259242 0.000000 -0.965812 0.000000 0.000000 0.000000
1553.983643 0.000000 2280.743164 0.000000 0.431141 0.000000 -0.902285 0.000000 0.000000 0.000000
1557.228027 0.000000 2297.280029 0.000000 0.448119 0.000000 -0.893974 1.000000 1.000000 1.000000
1552.687988 0.000000 2294.560059 0.000000 0.239837 0.000000 -0.970813 1.000000 1.000000 1.000000
"}
object={
	name="latin_dynamic_mining_objects_generator_1_5"
	clamp_to_water_level=no
	render_under_water=no
	generated_content=yes
	layer="mines_dynamic"
	pdxmesh="generic_rural_mining_entrance_02_mesh"
	count=35
	transform="1660.270508 0.000000 2081.771240 0.000000 0.159415 0.000000 -0.987212 0.000000 0.000000 0.000000
1645.255371 0.000000 2088.312988 0.000000 0.007243 0.000000 -0.999974 0.000000 0.000000 0.000000
1656.579102 0.000000 2082.599854 0.000000 0.210938 0.000000 -0.977499 1.000000 1.000000 1.000000
1655.879395 0.000000 2076.632324 0.000000 0.045324 0.000000 -0.998972 0.000000 0.000000 0.000000
1649.495239 0.000000 2090.021973 0.000000 0.166410 0.000000 -0.986057 1.000000 1.000000 1.000000
1742.189453 0.000000 2069.881348 0.000000 0.022791 0.000000 -0.999740 0.000000 0.000000 0.000000
1764.050049 0.000000 2069.727051 0.000000 0.140801 0.000000 -0.990038 0.000000 0.000000 0.000000
1739.936890 0.000000 2066.206787 0.000000 0.059556 0.000000 -0.998225 0.000000 0.000000 0.000000
1709.255371 0.000000 2144.797363 0.000000 0.194803 0.000000 -0.980842 0.000000 0.000000 0.000000
1705.927490 0.000000 2134.655029 0.000000 0.091374 0.000000 -0.995817 1.000000 1.000000 1.000000
1706.699829 0.000000 2130.300781 0.000000 0.101411 0.000000 -0.994845 1.000000 1.000000 1.000000
1735.674683 0.000000 2113.867920 0.000000 0.064432 0.000000 -0.997922 1.000000 1.000000 1.000000
1735.651001 0.000000 2107.409180 0.000000 0.185902 0.000000 -0.982568 0.000000 0.000000 0.000000
1765.443237 0.000000 2109.723877 0.000000 0.181350 0.000000 -0.983419 0.000000 0.000000 0.000000
1732.861816 0.000000 2117.876465 0.000000 0.171893 0.000000 -0.985116 0.000000 0.000000 0.000000
1744.310547 0.000000 2114.716553 0.000000 0.161095 0.000000 -0.986939 0.000000 0.000000 0.000000
1744.764038 0.000000 2105.873779 0.000000 0.153015 0.000000 -0.988224 0.000000 0.000000 0.000000
1739.443359 0.000000 2119.908936 0.000000 0.115884 0.000000 -0.993263 0.000000 0.000000 0.000000
1738.423096 0.000000 2113.669434 0.000000 0.036016 0.000000 -0.999351 0.000000 0.000000 0.000000
1587.720459 0.000000 2240.762451 0.000000 0.163213 0.000000 -0.986591 0.000000 0.000000 0.000000
1558.690430 0.000000 2230.907471 0.000000 0.188824 0.000000 -0.982011 0.000000 0.000000 0.000000
1698.074463 0.000000 2151.926025 0.000000 0.223310 0.000000 -0.974748 0.000000 0.000000 0.000000
1698.139526 0.000000 2148.132568 0.000000 0.140792 0.000000 -0.990039 1.000000 1.000000 1.000000
1700.142212 0.000000 2146.501465 0.000000 0.192021 0.000000 -0.981391 0.000000 0.000000 0.000000
1469.734009 0.000000 2293.585205 0.000000 0.062135 0.000000 -0.998068 0.000000 0.000000 0.000000
1465.915649 0.000000 2270.089844 0.000000 0.164305 0.000000 -0.986410 0.000000 0.000000 0.000000
1455.365356 0.000000 2290.178711 0.000000 0.199065 0.000000 -0.979986 0.000000 0.000000 0.000000
1452.084717 0.000000 2290.118896 0.000000 0.194519 0.000000 -0.980899 0.000000 0.000000 0.000000
1473.476685 0.000000 2265.833740 0.000000 0.034425 0.000000 -0.999407 0.000000 0.000000 0.000000
1534.018555 0.000000 2285.270020 0.000000 0.118857 0.000000 -0.992911 0.000000 0.000000 0.000000
1477.963745 0.000000 2280.073975 0.000000 0.230319 0.000000 -0.973115 0.000000 0.000000 0.000000
1476.061279 0.000000 2275.584717 0.000000 0.104137 0.000000 -0.994563 0.000000 0.000000 0.000000
1536.290283 0.000000 2293.740234 0.000000 0.131443 0.000000 -0.991324 1.000000 1.000000 1.000000
1555.921631 0.000000 2283.700439 0.000000 0.025049 0.000000 -0.999686 0.000000 0.000000 0.000000
1554.408936 0.000000 2287.784424 0.000000 0.009200 0.000000 -0.999958 0.000000 0.000000 0.000000
"}
