object={
	name="edgeofworld_papermap"
	clamp_to_water_level=no
	render_under_water=no
	generated_content=no
	layer="papermap_layer"
	pdxmesh="edgeofworld_papermap_mesh"
	count=2
	transform="4096.000000 -150.000000 11480.000000 0.000000 0.000000 0.000000 1.000000 10.000000 10.000000 10.000000
4096.000000 -150.000000 -7800.000000 0.000000 0.000000 0.000000 1.000000 10.000000 10.000000 10.000000
"}
object={
	name="papermap_endofworld"
	clamp_to_water_level=no
	render_under_water=no
	generated_content=no
	layer="static"
	pdxmesh="edgeofworld_mesh"
	count=4
	transform="4008.958984 1.000000 8678.328125 0.000000 0.000000 0.000000 0.000000 10.000000 10.000000 10.000000
3977.902100 1.000000 8697.446289 0.000000 0.000000 0.000000 0.000000 10.000000 10.000000 10.000000
3985.373291 1.000000 8697.833008 0.000000 0.000000 0.000000 0.000000 10.000000 10.000000 10.000000
4096.000000 1.000000 -5202.000000 -0.000000 -0.000000 -0.000000 0.000000 10.000000 10.000000 10.000000
"}
